5667
0 1635 77
0 1631 34
0 2929 11
1 5 111
1 703 41
1 1192 42
2 5 35
3 1158 77
3 7 215
3 4 334
4 6 351
4 2903 197
5 2903 177
6 3815 69
6 8 117
7 8 77
7 1267 320
8 1268 1946
9 10 224
10 113 431
10 112 917
11 5243 27
11 3909 283
11 1227 71
12 3684 657
12 4546 32
13 4950 130
13 42 56
13 4559 531
14 4952 27
14 15 99
14 3807 163
15 41 17
15 85 116
16 85 425
16 41 312
16 17 611
17 37 1117
17 27 377
18 93 366
18 3303 404
19 94 112
19 2426 8
20 2426 120
20 21 323
20 50 197
21 3979 7
21 2533 97
21 3980 43
22 2534 47
22 23 256
22 3976 43
23 806 41
23 3978 31
24 2535 1453
24 2536 124
24 3196 612
25 1844 15
25 3680 364
25 1069 1725
26 1844 541
26 3671 278
26 3673 107
27 93 1017
28 4582 56
28 5089 6
28 2980 41
29 3188 13
29 4977 25
29 2561 396
30 2685 787
30 808 355
30 91 922
31 3784 355
31 2685 146
31 32 436
32 33 455
32 3374 169
33 34 213
33 3783 78
35 528 40
35 3093 4
35 2538 33
35 1244 37
36 1226 29
36 4545 51
36 546 258
37 38 685
37 2634 533
38 5654 430
38 39 454
38 2636 159
40 3808 56
40 41 1319
40 43 515
42 3981 20
42 3807 30
43 5394 462
43 83 590
44 92 461
44 543 347
44 45 567
45 3078 6
45 4551 1158
46 84 438
47 48 257
47 82 433
48 49 138
48 3912 149
49 82 455
50 94 22
50 99 15
51 2685 677
51 75 1453
51 3566 1930
52 53 239
52 3529 88
52 2990 104
53 2989 32
53 3529 327
54 352 10
54 1971 30
54 2754 803
55 2894 293
56 1116 76
56 5236 4
56 3124 48
57 518 51
57 1226 283
57 5239 168
58 1541 20
58 2790 7
58 1200 93
59 2822 46
59 2894 76
59 3804 150
60 5553 3
60 1198 62
60 2795 28
60 3019 34
61 5446 5
61 688 6
61 686 108
62 2505 1047
62 830 131
62 938 45
63 3305 38
63 3216 54
63 5230 30
64 1105 34
64 886 76
64 4345 64
65 5179 6
65 878 138
65 109 65
66 5226 41
66 109 64
66 67 57
67 68 41
67 3068 34
68 1517 9
68 5226 23
68 1518 28
69 1519 110
69 4503 118
69 4347 32
70 1237 13
70 5015 21
70 1529 14
71 3206 28
71 107 68
71 3096 56
72 113 1947
72 107 128
72 3095 294
73 79 142
73 3206 346
73 4780 138
74 3591 60
74 4397 235
75 3547 882
75 76 275
76 77 188
76 3189 487
77 77 0
78 112 125
78 784 1863
78 89 1078
79 3181 3
79 1162 26
80 3290 39
80 951 38
80 81 58
81 1777 149
81 4030 119
82 84 238
83 3806 96
83 5391 107
84 3217 70
85 3981 79
85 4949 43
86 3759 45
86 964 40
86 967 226
87 959 135
87 2489 289
87 137 169
88 3283 247
88 4397 193
88 3733 65
89 1223 112
89 1268 125
90 4538 5
90 3671 154
90 521 80
91 101 488
91 3188 82
92 3061 775
92 3063 773
92 1847 2488
92 543 797
94 2426 109
95 3566 37
95 97 85
95 3545 40
95 3565 28
96 97 154
96 2687 46
96 3546 430
97 3565 67
98 4956 49
98 3200 353
98 1846 2556
98 3179 31
100 982 322
100 3140 42
100 3301 41
101 808 237
101 1065 61
102 4373 294
102 3569 151
102 1481 241
103 4376 95
103 1813 46
103 4375 100
104 3298 90
104 1813 62
104 4373 860
105 3212 108
105 106 49
105 2497 162
106 3202 94
106 3205 128
107 3096 55
108 990 94
108 3095 269
108 5241 329
109 2723 62
110 5175 5
110 1102 38
110 1575 37
111 1190 7
111 1181 165
111 1192 47
112 848 285
113 1065 1426
114 4283 10
114 3094 21
114 4535 12
114 2569 35
115 524 27
115 527 36
115 526 33
116 3034 99
116 1395 128
116 1894 68
117 120 71
117 1879 40
117 118 32
117 124 73
118 1875 8
118 1877 34
118 140 44
119 1452 16
119 1412 22
119 1457 15
120 3858 2
120 1428 41
120 1389 21
121 140 57
121 122 15
121 1420 59
122 1874 8
122 1873 52
123 1472 14
123 1441 25
123 827 34
123 1452 92
124 3861 68
124 3450 67
124 827 75
124 1063 95
125 4281 102
126 5079 142
126 3256 83
126 4772 88
127 5099 4
127 5079 5
127 4740 22
127 5095 11
128 3831 205
128 5099 70
128 3828 22
129 3829 67
129 130 63
129 3831 44
130 2414 18
130 5100 189
131 2762 17
132 5069 5
132 1215 2
132 2415 75
133 2764 7
134 5052 7
134 4683 62
134 872 22
135 3810 193
135 3811 228
135 4900 198
135 4903 193
136 5054 4
136 872 20
136 4584 25
137 959 81
137 2486 89
138 139 47
138 3957 140
138 970 132
139 3764 236
139 3958 50
140 1420 20
140 3858 61
141 620 138
142 1432 7
142 144 15
142 3047 1
143 1409 13
143 3047 15
143 145 11
144 150 11
144 151 12
145 146 12
145 3232 8
146 1443 12
146 151 19
147 163 9
147 148 9
147 2831 16
148 165 22
148 161 10
149 1411 11
149 2831 11
149 374 8
150 152 17
150 1430 7
150 1413 4
151 2308 4
151 1430 9
152 1430 17
152 153 20
153 1470 4
153 1945 12
154 3818 4
154 370 22
154 1945 8
155 2831 11
155 1449 16
155 1411 7
155 164 19
156 164 11
156 1947 24
156 157 21
157 373 6
157 1411 10
158 160 34
158 163 47
158 1451 54
159 1899 17
159 1269 63
159 303 18
160 161 81
160 305 108
161 1457 3
161 163 7
162 1371 19
162 1236 13
162 1365 23
162 1893 16
163 1449 17
164 1451 30
165 166 10
165 167 10
166 169 34
166 1412 3
166 168 7
167 374 16
167 168 9
168 1405 7
168 169 37
169 380 47
170 1404 24
170 395 8
170 1429 18
171 1433 21
171 1456 29
171 1409 21
172 4915 4
172 2458 24
172 4916 36
173 2962 7
173 174 16
173 5442 5
174 5492 4
174 2029 4
174 2030 4
175 3228 4
175 5466 34
175 176 20
176 2031 4
176 2032 4
176 645 16
177 2036 4
177 645 70
177 5521 48
178 1271 5
178 1963 27
178 5503 22
179 1272 8
179 1951 10
179 5462 51
180 186 27
180 1327 17
180 184 24
181 2709 5
181 183 20
181 182 7
182 2824 4
182 185 14
183 184 5
183 185 10
184 186 11
185 187 10
186 188 13
187 188 15
187 189 15
188 190 13
189 190 7
189 2825 5
189 191 18
190 2826 8
190 191 17
191 3351 8
192 395 11
192 1416 5
192 1442 4
192 218 45
193 218 16
193 817 35
193 1431 3
194 1868 9
194 1377 25
194 4267 72
195 1478 14
195 2088 8
195 337 28
196 291 122
196 294 119
196 469 52
197 350 13
197 1948 105
197 1907 48
198 1805 19
198 1399 161
198 242 76
199 2554 4
199 2553 5
199 2211 9
199 474 21
200 1975 11
200 2075 10
200 1948 7
200 484 130
201 482 34
201 1236 70
201 2085 36
202 2560 4
202 1374 85
202 1066 89
203 1368 20
203 1370 13
203 1374 12
203 1364 32
204 1383 9
204 205 66
204 1364 28
205 1437 2
205 1902 10
206 1855 6
206 1884 59
206 1906 26
207 2173 11
207 2171 59
207 209 46
207 422 25
208 1059 12
208 211 9
208 426 19
209 211 12
209 1060 8
209 1059 6
210 426 11
210 1321 14
210 429 23
211 213 28
212 1331 13
212 429 5
212 1254 4
213 1317 16
213 1254 7
214 1325 8
214 1317 6
214 1254 17
214 495 24
215 1310 43
215 3927 25
215 3928 24
216 217 36
216 5627 5
216 1747 66
217 3525 5
217 772 28
218 1448 12
219 4072 27
219 731 63
219 2453 25
220 739 17
220 221 120
220 222 143
221 222 65
221 223 103
222 223 121
223 3352 50
224 1788 7
224 2034 4
224 2883 18
224 227 164
225 2800 12
225 2801 404
225 2803 38
226 2587 9
226 2799 444
226 1443 33
227 1791 5
227 3306 256
228 1356 15
228 1352 10
228 2052 9
229 1353 56
229 1352 64
229 232 86
230 1987 4
230 1989 39
230 5527 15
231 5275 3
231 1989 16
231 5524 23
232 1355 5
232 237 80
233 234 26
233 2009 6
233 2017 26
234 2002 14
235 2001 27
236 5277 80
237 5277 3
237 3422 85
238 2017 30
238 2020 23
238 2019 64
239 2023 10
239 5512 5
239 646 96
240 2023 67
240 5508 6
240 2015 78
241 1954 4
241 242 10
241 1976 69
241 1956 20
242 4183 33
243 309 156
243 2342 56
243 317 128
244 245 36
244 322 39
244 317 144
245 5263 3
245 1359 57
246 325 14
246 326 9
246 5265 4
247 250 54
247 248 43
247 2471 77
248 251 60
248 2617 31
249 5268 3
249 2053 13
249 298 85
252 5244 4
252 5246 3
252 284 88
252 1841 16
253 1841 6
253 5018 30
253 2619 12
254 258 122
255 447 38
255 438 27
255 5291 5
256 444 2
256 788 158
256 3893 7
257 313 21
257 2215 133
257 315 95
258 261 76
258 3893 45
259 4565 10
259 2349 8
259 2537 28
259 1480 27
260 2130 2
260 2132 15
260 2139 19
261 2623 93
261 576 216
262 2620 8
262 1234 9
262 2621 9
262 2622 14
263 1339 13
263 1340 16
263 1341 6
263 1342 12
264 2622 52
264 5007 4
264 3884 21
265 2624 5
265 2623 4
265 3947 43
265 462 74
266 4715 6
267 2200 31
267 5252 6
267 459 80
268 2200 28
268 1235 51
268 5251 5
269 3237 21
269 1639 35
269 2627 9
270 2181 11
270 2186 8
270 1235 11
270 2187 11
271 4715 136
271 1213 102
271 272 91
272 2588 8
272 2591 115
273 1658 38
273 1417 82
273 2191 7
274 5269 132
275 1826 18
275 1818 43
275 2591 6
276 1459 10
276 1417 13
276 1458 12
276 1419 16
277 1444 4
277 1458 55
277 280 44
278 1830 26
278 1834 12
278 1836 30
278 1828 57
279 281 14
279 1834 6
279 366 36
280 1477 14
280 1478 14
281 2520 26
281 287 90
282 5274 4
282 298 19
282 1487 154
282 5273 80
283 338 26
283 2545 5
283 335 18
284 5269 4
284 2053 101
285 290 76
285 1839 2
285 3925 86
286 1286 17
286 1281 13
286 2549 22
286 1279 22
287 289 28
287 2176 17
288 367 103
288 1840 6
288 2194 7
288 289 20
289 291 27
289 2194 17
290 1843 3
290 3924 8
291 347 20
292 2776 27
292 1290 5
292 2228 44
293 3924 36
293 3925 3
293 294 96
294 2064 47
295 296 15
295 1982 3
295 297 22
296 4152 184
296 2614 106
297 1975 59
297 1974 11
298 1356 74
299 1911 5
299 2868 8
299 1408 57
299 1907 91
300 2532 53
300 1937 27
300 2820 35
301 1408 21
301 1269 37
301 1893 85
302 304 28
302 1921 14
302 1930 57
302 1916 57
303 1897 15
303 1269 68
304 1895 3
304 1919 58
305 1901 16
305 1899 12
306 1930 27
307 1931 35
308 1901 136
310 3863 101
310 313 44
310 311 96
312 313 58
314 316 97
315 319 99
315 316 46
316 317 125
317 5417 282
318 2214 47
318 319 22
318 321 95
319 323 134
320 2214 17
321 322 20
321 323 39
322 323 45
322 5377 112
324 5379 115
325 1359 5
325 5264 3
326 5379 7
326 1354 51
327 5400 191
328 5401 185
329 5399 130
330 5402 169
331 5403 129
332 1444 17
332 2547 81
332 2544 37
333 5399 4
333 2543 5
333 334 24
333 1673 44
334 5400 4
334 335 22
335 5401 3
336 2089 10
336 337 17
336 1476 53
337 2090 6
338 1490 12
338 5402 4
339 5403 5
339 1279 37
339 1490 11
340 341 19
340 1407 5
340 2103 4
340 2091 14
341 2105 45
341 2103 19
342 344 64
342 2106 51
342 2122 35
343 2122 28
343 344 15
343 2072 18
344 2076 29
345 479 34
345 346 17
345 2082 56
346 2085 61
346 2076 33
347 1842 9
347 2093 32
348 790 14
348 2106 20
348 2117 13
349 3403 4
349 3401 2
349 3404 21
350 4174 18
350 4173 26
351 5425 9
351 5423 56
351 661 188
351 4970 107
352 353 27
352 4967 21
353 355 38
353 4965 12
354 2506 65
354 1465 29
354 3311 52
354 1440 24
355 4154 92
355 986 82
356 357 47
356 2506 27
356 4154 61
357 359 50
357 358 68
360 363 59
360 362 69
361 4088 36
361 4154 154
361 4085 26
362 4085 9
362 364 91
362 705 91
363 364 10
364 2291 79
365 2192 79
366 1832 18
366 1831 14
367 4996 7
367 2205 169
368 1880 55
369 1880 9
369 1370 81
369 1884 35
370 1391 5
370 1947 24
371 1063 8
371 1879 25
371 1882 36
371 1851 133
372 2308 45
373 1386 10
373 385 83
373 376 25
373 1391 73
374 1410 5
375 1063 32
375 1885 5
375 378 46
376 1410 3
376 2508 4
377 1470 66
378 1888 19
378 1886 45
379 1885 27
379 1426 33
379 1888 11
380 1460 5
380 381 29
381 1450 5
381 3734 32
382 1860 4
382 1906 24
382 433 57
383 2606 2
383 1460 21
383 386 27
384 3734 9
384 1394 20
384 1426 10
386 2607 3
386 1450 23
387 389 41
388 1891 46
389 391 33
389 2312 25
390 391 17
390 2606 48
390 2313 30
391 2316 44
392 1852 71
392 1429 24
392 1891 10
393 2312 9
394 2607 58
395 2317 8
396 1311 9
396 1310 19
396 2674 24
397 397 0
397 1431 30
398 1350 11
398 399 20
398 3186 17
399 1348 47
399 2609 42
400 1348 31
400 1349 11
400 2610 29
401 403 86
401 2611 11
402 5405 72
403 3287 9
403 404 15
403 3284 60
404 405 19
404 1495 42
405 3285 41
405 5405 4
406 3285 16
406 407 8
406 2162 10
407 409 25
407 2161 4
408 2164 14
408 2842 14
408 410 128
409 2166 23
409 2164 4
410 1496 20
410 412 62
411 2162 38
412 1498 46
412 1502 19
412 1067 91
413 1067 3
413 414 37
413 1343 206
415 3535 75
415 490 41
415 1343 3
416 1372 14
416 417 14
416 1437 29
417 1797 8
417 3933 47
418 1346 70
419 3930 6
419 3933 12
419 421 12
420 3954 30
420 3931 21
421 425 11
421 1321 36
422 1346 3
422 1059 18
423 1372 45
423 428 65
423 431 67
424 426 12
424 1795 8
424 1321 7
424 3954 7
425 1799 5
425 1798 10
427 432 72
429 1801 10
430 434 53
430 1798 32
431 432 6
431 2586 121
432 436 93
433 1862 3
433 2877 38
434 1331 21
435 2877 47
435 1864 5
435 1311 119
437 1864 17
438 1009 29
438 5292 7
439 576 47
439 449 89
439 1634 45
440 3890 38
441 4128 94
442 5289 176
443 3889 80
444 5009 8
444 453 73
445 5292 76
446 4560 9
446 4564 9
446 4563 8
446 4562 8
447 452 29
447 5288 6
448 4564 32
448 4565 56
448 4561 7
450 454 45
451 2219 33
451 4128 3
451 3239 63
452 4572 44
452 5289 6
453 5002 7
453 2620 64
454 4563 77
454 455 120
455 5220 4
455 2625 118
456 5220 42
457 3949 6
457 458 24
457 1234 34
458 3950 6
458 3947 3
459 5257 4
459 1342 74
460 3949 69
461 2830 21
461 1639 54
461 2353 7
462 2625 8
462 2626 15
463 3950 92
464 2368 8
464 3224 4
464 2549 207
465 5388 10
465 5387 12
465 3045 301
466 5388 55
466 5382 18
466 1493 5
467 2773 23
467 833 73
467 3186 136
468 2115 17
469 2109 17
469 2121 13
470 2552 30
470 471 24
470 4566 49
471 478 80
471 3512 104
472 2773 82
472 2772 111
472 2775 80
473 2113 12
473 2109 28
473 477 76
474 2552 4
474 2362 80
475 2113 10
475 476 12
475 2065 3
475 2069 22
476 479 15
476 2070 6
479 2072 10
480 2083 11
480 2078 18
480 2084 10
481 2556 7
481 2211 77
481 2160 176
482 2082 7
482 2084 4
483 2083 84
484 1371 19
484 1463 9
485 1463 89
486 489 125
487 489 96
488 491 117
489 494 152
490 1344 6
490 1345 4
491 494 91
491 2169 36
492 3309 93
492 3310 102
493 2173 20
493 1142 83
493 494 27
495 496 6
495 3927 18
496 1309 12
496 3928 18
496 1317 27
497 498 66
497 3577 22
497 5416 18
498 1240 15
498 3576 52
499 500 11
499 502 15
499 1510 17
500 510 20
500 501 15
501 511 6
501 510 20
502 1510 17
502 503 14
503 504 19
503 5204 26
504 5203 26
504 513 15
505 1165 10
505 814 33
505 1163 5
505 4973 29
506 814 87
506 1168 10
506 615 160
506 1164 87
507 1170 11
507 4755 14
507 616 76
508 1172 11
508 616 4
508 509 154
509 2344 11
509 3539 13
510 3052 2
510 3054 401
510 2713 38
511 2598 22
511 513 18
512 2599 14
512 595 6
512 2598 14
513 2599 23
514 602 21
514 5202 6
514 5196 4
514 515 94
515 5194 4
515 3324 50
516 579 13
516 2596 29
516 517 23
517 1303 13
517 2597 9
518 3051 2
518 813 104
519 3899 20
520 538 8
520 3087 24
520 2704 169
521 2564 58
521 2561 75
522 4539 12
522 4533 44
522 4532 70
523 2563 62
523 3671 23
523 2541 825
524 4538 37
524 525 52
525 2568 5
525 2567 5
526 2567 25
526 527 33
526 3674 27
527 4971 13
528 542 50
528 3906 7
529 3906 51
529 3904 32
529 2583 5
530 2576 15
531 2582 16
531 2576 57
531 534 47
531 3899 65
532 4294 11
532 3897 25
532 2582 31
532 535 47
533 3897 22
534 535 48
534 538 157
535 537 10
536 537 42
537 1245 126
538 1245 76
539 540 115
539 3677 417
539 3672 125
540 4546 1086
540 541 334
541 1062 6
541 543 109
542 1062 68
542 543 55
544 3690 25
544 2704 19
544 547 238
545 546 80
546 3675 19
548 549 67
548 1173 43
548 1176 82
548 1174 50
549 1176 14
549 1179 79
550 1175 8
550 1551 6
550 4149 98
551 3469 12
551 3471 70
551 1176 38
552 3038 139
552 3943 141
552 557 145
553 5006 3
553 555 59
553 3888 110
553 3894 112
554 3895 8
554 5006 7
554 5224 12
554 1551 114
556 4164 57
556 563 86
556 3895 60
556 2460 30
558 586 17
558 562 49
558 2461 153
559 5168 102
560 561 13
560 4700 29
560 4699 26
561 564 18
561 4293 187
562 4547 78
562 2460 167
562 567 137
563 570 144
563 569 139
564 3325 12
564 5167 12
565 5198 5
565 5199 6
565 601 90
565 2602 21
566 5138 5
566 1613 54
566 2432 51
567 3992 299
567 4719 32
568 569 40
569 570 107
570 574 60
571 5141 3
571 577 98
571 5163 72
572 5141 77
573 575 51
573 1068 85
573 2437 204
574 1625 90
574 4562 95
575 584 470
575 2434 57
576 1232 104
577 5019 8
577 583 36
578 585 65
578 581 103
578 5019 76
579 1296 14
579 5205 7
580 5151 60
581 612 177
581 5138 246
582 5205 30
582 584 46
582 1523 24
583 5151 4
583 610 8
584 606 293
584 2379 129
586 3471 94
586 587 178
587 1508 75
587 2225 61
588 2346 63
588 1485 17
588 5215 5
589 3468 47
589 813 50
589 591 90
590 3465 53
592 2714 53
593 596 33
593 594 38
593 598 39
594 596 17
594 2600 10
595 2601 16
595 2714 6
596 598 21
597 5137 8
597 1606 9
597 4852 32
598 2716 9
599 2602 10
599 2601 50
599 2716 5
600 5189 5
600 1609 59
600 4858 15
601 602 22
601 5197 4
602 605 67
603 609 113
604 607 71
604 5198 101
604 606 24
606 608 89
609 5137 197
609 4851 93
610 5142 4
610 2435 42
611 5142 67
613 3080 125
613 4760 83
613 4759 94
614 1534 42
614 5239 50
614 5238 37
614 3038 140
615 4755 34
615 3081 7
616 3080 6
617 620 71
617 5372 44
617 618 104
618 619 17
618 4712 31
620 621 63
621 623 71
621 5373 77
621 624 121
622 5373 4
622 2464 200
622 2303 57
623 2945 202
623 5417 364
625 2303 166
625 905 25
625 3036 20
626 629 86
627 2943 29
627 629 10
627 630 98
628 5376 5
628 2470 23
628 2342 32
629 2953 23
631 2304 13
631 633 22
631 634 91
632 633 64
633 4710 33
635 4710 28
635 638 62
635 636 97
637 638 69
638 639 152
639 2307 25
639 3542 24
640 2307 23
640 641 120
640 642 110
642 643 89
642 5442 108
644 1988 5
644 2005 110
644 2839 55
644 5535 45
645 2010 10
646 2024 52
646 2019 30
647 2024 4
647 2039 6
647 5518 34
648 5280 3
648 2336 16
648 1667 17
649 2025 12
649 1334 20
649 685 15
650 1333 24
650 2025 22
650 5280 88
650 653 32
651 1335 12
651 2027 25
651 652 6
651 5479 110
652 5441 4
652 1334 28
652 5480 104
653 1787 122
653 1583 93
654 4707 106
655 2045 4
655 2837 476
655 2806 57
656 3938 77
656 2808 72
656 2045 9
657 659 8
657 2797 25
657 2807 28
658 659 4
658 1984 27
658 3938 18
659 662 84
659 660 28
660 664 115
660 2676 54
661 2676 36
661 1970 26
662 1703 160
662 663 64
663 665 46
663 2677 74
663 1701 89
664 3936 84
666 1792 106
666 4189 55
666 1791 92
667 673 75
668 2835 54
668 673 78
668 677 83
669 671 34
669 672 42
669 4366 140
670 674 51
671 672 19
671 4189 57
672 676 39
673 674 22
673 675 15
674 676 20
675 678 36
675 2823 57
676 2823 71
679 2823 25
680 3306 18
680 1789 7
680 1578 243
681 1789 6
681 1594 117
681 2834 20
682 1071 11
682 3227 20
682 2834 31
683 1071 55
684 4752 31
684 1210 64
684 2457 161
685 5440 4
685 1667 56
686 700 12
686 5445 4
687 2055 6
687 5445 104
687 695 228
687 3288 100
688 5447 5
688 691 72
689 690 84
690 692 63
690 5446 42
691 1636 60
691 1363 74
693 696 151
693 5447 91
693 694 70
697 698 119
697 699 142
697 5566 41
700 1635 89
700 1337 456
701 703 164
702 1608 75
702 1563 127
702 2936 142
703 1239 60
704 706 146
705 706 32
705 2357 156
706 708 70
707 2206 9
707 2360 169
707 2291 115
708 712 90
708 709 87
710 2283 206
710 711 21
711 2360 4
711 714 80
713 2357 89
714 744 92
714 2453 155
715 1727 24
715 744 34
715 754 197
716 1072 36
716 5638 3
716 717 102
717 5637 2
717 718 75
718 5636 2
718 1734 46
719 4113 9
719 5635 1
719 720 52
720 722 23
720 1077 97
721 1078 7
721 4062 5
721 767 55
722 1080 11
722 5630 306
723 5630 4
723 1089 13
723 1048 81
724 5633 4
724 725 133
724 1089 40
725 1096 330
725 726 23
726 727 149
726 3771 46
727 3744 134
727 3742 71
728 1722 45
728 1328 17
728 5028 65
729 5412 17
729 5414 4
729 5406 54
730 1722 7
730 736 54
730 732 66
731 733 25
731 735 24
732 737 78
732 738 46
733 2289 41
734 2230 68
734 741 58
734 5026 28
735 739 30
736 1316 6
736 738 52
738 3393 105
740 743 60
740 5026 97
740 5412 122
740 2294 75
742 746 58
742 2293 81
742 1316 45
743 1725 12
743 4222 147
744 750 127
745 1725 102
745 768 19
745 1042 23
746 1327 37
746 748 59
747 748 31
748 3376 108
749 3376 65
749 3393 64
749 3375 40
751 753 54
751 5619 134
751 2827 76
752 3376 8
752 753 41
752 755 46
752 3378 26
753 755 48
755 3380 72
756 3381 24
756 3385 30
756 3380 4
757 5618 4
757 760 60
757 3504 61
758 759 53
758 5619 32
758 763 66
759 4567 47
759 765 92
760 761 139
760 762 10
761 766 149
761 4214 64
762 4567 15
762 5625 175
764 4257 13
764 4278 186
764 4214 70
764 4216 127
767 5625 10
767 2710 158
768 4222 42
768 769 116
769 2861 63
769 4065 121
770 4258 16
770 4220 29
770 4222 29
771 4257 8
771 4066 36
771 4213 479
772 5628 4
772 4223 34
773 5431 16
773 3527 34
773 774 124
774 783 321
774 775 119
775 776 71
775 778 136
776 1811 45
776 4939 79
777 780 104
777 5628 290
779 1811 27
779 781 87
779 1754 71
780 782 80
783 4157 123
783 4155 115
784 2963 9
784 2909 432
784 3097 375
784 5371 448
785 5371 7
785 2339 65
785 2462 53
786 5371 85
786 787 84
786 2957 114
788 1232 6
788 5016 8
789 1649 70
789 2372 25
789 1304 5
790 1469 10
790 791 65
790 2101 41
791 3856 39
791 2125 46
791 3006 56
792 3000 35
792 3003 88
792 2999 62
792 793 79
793 1462 34
793 3003 37
793 3855 86
794 2558 5
794 1066 42
794 3226 60
795 1369 10
795 3014 70
795 3012 82
795 3016 63
796 5100 4
796 4736 7
796 5083 4
796 1030 295
797 4737 26
797 4740 17
797 5077 4
798 4803 10
798 5075 4
798 1012 218
799 1587 14
799 5101 18
799 5132 4
800 4886 22
800 856 21
800 5061 4
800 5113 4
801 5352 30
801 5308 7
801 5578 4
802 5587 5
802 2965 16
802 2814 13
803 3503 21
803 804 16
803 1802 17
803 3501 8
804 1805 22
804 1803 12
805 3503 3
805 1808 13
805 1959 9
806 2535 82
806 3977 11
807 3097 7
807 903 258
807 5241 98
808 1241 64
809 4568 31
809 1486 85
809 3182 66
809 3786 125
810 811 19
810 2425 85
810 1486 44
811 3185 21
811 4568 125
812 3802 30
812 2343 112
812 2671 84
813 4961 66
814 1164 5
815 1167 6
815 4992 9
815 4973 14
815 4149 48
816 1436 40
817 818 5
817 1436 4
818 1868 89
818 819 136
820 4267 48
821 1291 5
821 1304 115
821 2843 137
822 3045 14
822 2844 125
822 1291 20
823 825 108
823 2407 66
823 1657 89
823 860 230
824 2721 10
824 5020 16
824 5118 4
824 3059 52
825 2396 7
825 2397 83
826 2394 7
826 846 49
826 3533 307
827 3861 33
827 1441 37
828 4024 49
828 4299 12
828 4025 77
829 3267 15
829 4300 15
829 3323 51
830 4300 89
830 3814 35
830 4299 37
831 4369 21
831 832 118
831 833 104
833 3088 116
834 839 60
835 836 50
836 4369 103
836 838 163
837 839 288
837 1141 388
837 840 230
838 840 119
838 3564 102
839 841 39
840 4372 218
841 2993 432
841 842 58
843 3091 31
843 3089 205
843 1585 129
844 2403 58
844 2857 329
844 2450 121
845 3564 42
845 3091 38
845 3088 194
846 2448 25
846 2400 27
847 2405 12
847 1585 106
847 2445 80
849 850 215
849 2876 57
849 3298 159
850 3563 34
851 852 54
851 3563 118
851 3816 35
852 3302 469
852 3816 47
853 3097 760
854 4772 257
855 5092 4
855 1593 60
855 1270 38
856 5115 10
856 4891 10
857 5021 8
857 1688 37
857 1692 47
858 3057 107
858 5102 3
858 1692 164
859 3057 107
859 1029 4
859 5022 11
860 5123 205
860 2437 44
861 3315 8
861 1110 15
861 5123 4
862 5086 5
862 5068 6
862 2968 105
862 2415 338
863 1033 178
863 5086 136
863 5088 388
864 2422 23
864 3244 430
864 1046 111
865 5069 7
865 2422 54
865 2976 115
866 5072 5
866 2672 12
866 5023 50
867 868 16
867 4593 127
867 5048 184
867 4658 98
868 870 72
868 869 69
870 5049 150
870 1753 73
871 5049 4
871 1752 60
871 1757 60
872 5053 5
873 5040 5
873 917 79
873 4672 93
874 1251 22
874 4660 16
874 4668 29
875 1771 55
875 876 54
875 1055 173
876 4674 52
877 5152 6
877 5418 34
877 4514 156
878 1573 49
878 5193 6
879 4958 131
879 4280 433
879 2770 91
880 4348 72
880 4777 47
880 4776 38
881 4777 12
881 1628 70
881 3293 142
882 1617 173
882 5013 89
882 883 81
884 1676 276
884 3557 69
884 2809 72
885 886 141
886 1109 5
887 4365 95
887 3365 80
887 2966 6
888 4362 5
888 3408 5
888 3410 10
889 3412 11
889 4361 5
889 4362 39
890 3845 6
890 976 43
890 1660 140
891 1693 63
891 1135 390
891 1689 52
892 3419 9
892 1710 121
892 895 231
893 1126 54
893 5236 218
893 1124 100
894 1131 20
894 3412 58
894 3480 99
895 4630 99
895 896 27
896 3416 70
896 1717 404
897 898 232
897 3415 169
897 899 219
899 979 581
899 900 101
900 4578 68
900 3873 303
901 5090 4
901 1752 297
901 906 46
902 2605 164
902 2339 138
902 4171 102
903 1555 241
903 2339 184
904 4876 7
904 4871 119
904 4878 40
905 4876 110
905 4811 93
906 5074 4
906 5023 70
907 4652 23
907 4691 80
907 1053 25
908 4493 23
908 913 101
908 920 95
909 912 63
909 911 94
909 3270 75
910 5056 5
910 917 48
910 4793 27
911 925 200
911 915 36
912 4075 46
912 3913 83
913 4056 39
913 914 26
914 4000 5
914 4060 58
915 929 223
915 4493 286
916 4656 270
916 5056 43
916 4660 51
917 4586 4
918 2641 9
918 2640 10
918 2643 18
919 3279 43
919 927 178
919 3272 53
920 4058 11
920 3274 155
921 3272 47
921 4061 85
921 924 33
922 926 50
922 2641 55
922 3995 10
923 930 221
924 1769 247
924 3273 87
926 928 36
926 3277 75
927 928 10
927 3276 34
928 931 44
930 4587 134
930 1217 20
930 4666 67
931 2645 3
931 932 83
932 2646 2
932 3921 4
933 5025 11
933 5024 157
933 5293 101
934 2653 2
934 2652 0
934 3994 42
935 3918 0
935 3917 7
935 937 48
936 4032 1
937 2662 2
937 939 51
938 1772 151
938 3814 128
939 2664 3
939 4013 2
940 2662 96
941 2664 107
942 2666 4
942 2667 9
942 4019 64
943 2669 8
943 2668 39
943 2665 95
944 2699 7
945 3267 14
945 4024 30
945 946 5
946 4027 29
946 4026 27
947 4049 33
947 4053 34
947 4050 28
948 3496 23
948 3220 45
948 3495 7
949 3494 4
949 3323 34
949 3266 89
949 3496 5
950 951 48
950 4045 87
950 952 120
951 953 162
954 1784 49
954 4037 33
954 3262 79
955 3733 19
955 3142 1371
955 3598 226
956 989 147
956 4896 67
956 1076 151
957 4896 53
957 958 149
958 4898 23
958 4897 78
959 2056 182
959 2486 88
960 963 226
961 962 243
962 4962 70
962 3758 85
963 3741 139
963 966 223
964 2485 23
964 3758 273
964 4962 214
965 3959 187
966 3962 56
966 4491 462
967 4653 733
968 969 26
969 970 7
969 3959 143
970 3956 34
971 1624 57
972 1624 92
972 973 36
972 2905 56
973 974 40
973 2907 166
974 1193 48
974 1188 40
975 5563 4
975 1181 41
975 1559 70
976 977 4
976 978 125
978 1130 29
978 1138 204
979 2480 29
979 980 173
980 4595 33
980 4583 38
981 1733 82
981 4595 119
981 2700 91
982 3570 64
982 3122 296
982 4338 51
983 984 64
983 3304 51
983 3104 69
984 4304 52
984 4716 242
985 1065 90
985 1241 51
986 987 20
986 2510 32
987 2511 36
987 2512 50
988 3579 501
988 3812 272
988 2511 459
989 3074 17
989 3579 22
989 4301 286
991 1528 13
991 993 221
991 3037 41
992 5608 2
992 5015 16
992 2059 72
993 2925 58
993 994 70
994 1558 74
994 1255 54
995 2908 3
995 1563 16
995 1554 41
996 2496 8
997 2328 61
997 2499 49
997 2500 116
998 2494 106
999 2493 7
999 4869 60
999 1001 66
1000 2331 11
1000 2629 14
1000 2628 14
1001 4861 22
1001 1623 61
1002 4143 122
1003 2327 89
1003 1004 31
1003 4252 106
1004 4125 52
1004 4126 43
1005 4143 5
1005 1006 33
1005 2633 22
1006 4125 4
1006 3844 34
1007 4133 3
1007 4130 4
1007 2217 89
1007 3842 15
1008 4141 7
1008 4140 5
1008 3843 8
1008 1009 21
1009 5287 6
1010 2770 148
1011 4880 51
1011 5058 27
1011 1684 136
1012 5116 4
1012 4889 58
1013 1018 168
1013 4842 12
1013 2969 35
1014 1699 106
1015 1704 188
1016 1690 79
1017 2412 12
1017 3974 77
1017 2451 71
1018 3826 68
1018 3820 33
1018 3825 22
1019 1699 48
1019 1022 233
1019 1020 38
1020 4765 57
1020 1707 169
1021 1706 27
1021 3456 111
1021 3040 98
1022 1025 24
1022 1027 277
1023 1024 8
1023 4743 45
1023 4356 100
1024 1713 114
1024 1702 123
1026 3974 192
1026 3829 186
1026 3562 30
1027 3342 188
1027 1028 201
1028 4941 280
1029 4367 5
1029 3775 111
1030 5084 4
1030 4639 9
1031 4431 259
1031 3616 433
1031 3722 279
1031 3728 89
1032 4627 6
1032 1724 174
1032 4628 31
1033 4627 11
1033 1713 277
1034 4941 194
1035 4073 15
1035 2860 50
1035 2862 209
1036 1044 259
1036 2850 72
1036 4082 122
1037 4468 4
1037 2730 31
1037 4469 77
1038 2851 31
1038 1154 22
1038 2484 132
1039 1150 314
1039 1041 93
1039 2861 38
1040 3723 75
1040 4468 29
1040 4464 90
1040 2730 14
1041 1155 88
1041 1154 101
1042 4073 57
1042 1043 46
1045 1046 25
1046 4597 18
1047 1746 102
1047 4609 28
1047 4615 26
1048 2603 3
1048 5631 4
1049 1051 39
1049 3834 894
1049 1156 246
1050 2603 101
1051 3776 106
1051 1758 345
1052 3776 139
1052 1054 180
1052 3778 44
1054 4694 19
1054 4652 21
1056 4001 531
1056 1057 171
1056 4003 43
1058 1059 7
1058 1346 14
1058 1795 32
1061 4276 202
1062 4538 116
1064 2881 7
1064 4026 8
1064 4028 38
1066 2559 5
1066 1503 23
1067 3421 46
1068 2828 61
1068 5194 43
1070 2833 12
1070 1071 58
1070 2835 124
1070 2765 90
1071 3227 17
1072 4097 4
1072 5639 3
1073 5639 131
1074 5638 133
1075 5624 119
1076 1079 331
1076 4301 156
1078 1745 19
1078 5624 4
1079 1082 70
1079 4301 176
1080 4110 102
1080 1085 134
1081 4106 5
1081 4108 4
1081 4107 62
1082 1083 48
1082 1749 135
1083 1084 53
1083 1087 121
1084 4101 273
1084 1086 53
1086 1088 78
1086 3740 125
1089 4104 6
1090 5627 197
1091 4103 80
1091 4104 147
1091 1092 178
1092 4101 176
1092 1096 138
1093 1096 80
1093 1095 123
1093 2492 304
1094 1095 102
1095 1097 78
1098 3957 19
1098 3956 82
1099 3297 158
1099 4495 20
1099 4494 68
1100 5181 91
1101 1102 8
1101 5176 5
1101 4514 110
1102 5181 5
1103 1204 49
1104 3509 48
1105 4304 292
1105 3216 64
1106 5017 10
1106 5144 4
1106 2435 49
1107 2438 58
1108 1113 102
1109 1118 171
1109 2967 28
1110 2440 25
1110 5146 4
1111 5146 291
1112 1113 9
1112 5231 4
1112 4365 29
1113 4311 12
1114 4311 49
1114 1115 21
1114 4312 47
1115 4310 23
1115 5234 4
1116 4310 32
1116 5233 4
1117 5233 84
1119 3365 52
1119 1120 27
1119 1122 129
1120 3406 24
1120 3372 66
1121 5231 153
1123 3372 34
1125 1126 80
1126 1129 21
1127 1129 60
1128 3480 1
1129 1133 25
1130 3103 281
1130 3413 96
1131 3506 81
1131 3464 65
1132 1133 38
1133 3498 12
1134 3464 3
1135 3506 5
1135 1136 40
1137 3413 39
1138 1139 64
1138 3551 260
1140 1714 345
1142 1146 111
1142 1143 84
1144 4079 21
1145 1148 143
1146 1148 91
1146 4079 53
1147 4368 12
1147 3813 112
1147 1156 969
1147 5103 377
1148 1151 60
1149 1153 179
1151 1152 86
1151 1714 113
1152 2816 87
1152 1153 44
1153 4077 97
1154 1728 179
1156 1758 509
1157 1158 113
1158 2912 31
1159 1169 177
1160 1161 47
1161 4972 200
1161 1162 57
1162 4993 13
1162 5004 24
1163 1164 33
1163 5004 21
1164 4990 2
1165 4163 33
1165 1167 26
1166 2916 61
1167 1175 148
1168 4163 87
1168 1170 202
1169 2916 26
1169 1200 26
1170 1172 78
1170 1171 37
1172 3469 60
1172 2344 154
1173 1178 48
1173 1174 27
1174 1178 20
1175 1177 22
1175 3895 120
1177 4164 69
1177 4163 165
1178 1179 24
1179 1180 55
1181 5564 4
1182 1183 68
1183 1188 45
1183 5563 74
1184 1188 97
1185 5564 73
1186 1187 8
1186 1190 51
1186 5564 115
1187 1191 29
1187 1189 20
1189 5283 47
1189 5284 35
1190 1196 67
1190 1194 48
1191 5285 29
1191 5286 31
1192 1194 8
1194 1197 100
1194 5565 140
1195 5285 1
1197 5281 69
1197 3338 100
1199 1200 39
1200 2915 83
1201 2893 18
1201 5574 4
1201 2887 15
1202 5349 36
1203 5156 7
1203 2731 34
1203 1576 63
1204 1205 30
1204 5176 69
1206 5156 97
1207 2467 27
1208 2143 35
1208 2132 19
1208 1209 31
1211 4752 76
1211 5440 98
1211 1214 142
1212 1213 74
1213 5268 56
1215 5088 4
1215 4582 47
1216 1217 25
1217 4668 5
1218 2646 343
1219 1220 64
1219 4045 34
1219 4054 25
1221 2645 946
1221 3478 98
1221 4653 56
1222 1223 147
1222 2688 1215
1222 3541 17
1223 5398 766
1224 3218 89
1224 3544 160
1225 3374 192
1225 2541 758
1226 3195 6
1226 1227 154
1227 5243 55
1228 5633 29
1228 1229 51
1228 1751 133
1230 2050 53
1230 2044 14
1230 2049 19
1231 2044 19
1231 1983 81
1231 2051 56
1232 5222 8
1232 3893 158
1233 1741 432
1233 4893 151
1233 4903 348
1234 4946 4
1234 3952 7
1235 2183 5
1235 2180 4
1236 2087 10
1236 1390 24
1237 5368 20
1237 5605 7
1237 5606 7
1238 3019 29
1238 5612 5
1238 5613 3
1238 1529 46
1239 5565 4
1239 2791 122
1240 5415 7
1240 4236 68
1240 3575 51
1242 2568 35
1243 2539 27
1245 3896 23
1246 1249 210
1247 1250 231
1248 1249 107
1249 1250 149
1250 1740 774
1252 4180 2
1252 4179 47
1252 1953 3
1253 4179 111
1255 1257 112
1255 1256 111
1258 2550 5
1258 2362 26
1258 1286 111
1259 2550 49
1260 4578 183
1260 4600 150
1260 1261 59
1261 1262 22
1261 1263 41
1262 1263 18
1262 1264 108
1263 1264 91
1264 1265 203
1265 1266 81
1267 1268 1921
1267 3072 240
1270 5058 4
1270 5134 4
1270 4884 32
1271 2703 27
1271 1970 78
1271 2041 159
1272 2015 24
1272 5461 53
1272 1950 6
1273 2821 24
1273 1917 58
1273 1937 33
1274 1276 16
1274 1275 18
1275 4977 80
1277 1490 5
1277 1285 49
1277 2545 38
1277 1492 26
1278 1281 5
1278 1280 15
1278 2996 26
1279 1284 5
1279 1285 5
1280 1286 4
1280 2551 137
1281 1288 5
1281 2423 27
1282 1673 5
1282 1380 70
1282 1584 80
1282 2543 44
1283 1286 6
1283 2550 111
1283 1285 14
1284 5403 35
1284 2548 32
1287 1289 156
1288 1289 19
1288 2997 40
1289 2549 3
1290 5383 18
1290 2997 27
1290 2780 7
1291 1292 48
1293 1305 37
1293 1294 62
1293 1645 111
1294 2349 115
1294 2348 104
1295 1296 4
1295 1300 23
1295 2705 216
1296 1522 34
1296 1298 5
1297 1303 7
1297 1301 22
1297 5214 64
1298 1524 34
1298 5205 14
1299 2706 53
1299 2707 5
1299 1302 4
1300 1303 5
1300 4988 247
1301 2597 5
1301 4719 152
1301 5215 182
1302 2374 3
1302 1305 4
1302 2372 52
1303 1521 63
1304 2706 25
1304 2708 89
1305 2705 3
1306 2364 52
1307 1309 10
1307 3935 4
1307 3574 57
1308 1327 5
1308 1322 141
1308 1415 38
1309 1324 7
1309 3577 56
1310 1315 6
1310 1313 7
1311 1332 4
1311 1313 18
1312 1319 7
1312 1320 5
1312 5028 45
1312 2674 24
1313 2586 51
1314 1328 5
1315 2702 43
1315 1326 68
1316 1329 6
1316 1322 7
1317 3935 28
1318 1330 3
1318 1331 31
1318 1798 33
1319 1332 45
1319 1323 154
1320 5029 45
1320 2702 24
1321 1800 19
1322 3390 12
1323 1719 41
1323 1722 7
1323 3362 50
1324 3572 56
1324 1326 7
1325 1331 9
1325 3926 38
1326 3928 3
1327 2827 13
1328 2230 103
1328 5029 69
1330 1800 6
1330 1799 29
1330 1801 15
1332 1864 119
1333 1335 20
1333 1336 37
1334 2026 4
1334 2027 4
1335 2046 44
1337 2909 634
1337 1338 105
1339 2145 15
1339 5253 6
1339 5254 4
1340 4572 15
1340 5255 5
1340 5256 7
1341 2134 6
1341 3294 56
1341 5254 13
1342 5250 4
1342 3739 6
1343 1345 41
1343 3537 75
1344 2171 24
1344 2169 6
1345 2175 73
1345 2170 30
1346 2170 83
1347 2774 76
1347 2612 42
1347 2772 12
1348 2612 58
1349 1351 10
1349 2611 4
1350 2228 32
1350 2608 4
1350 2778 6
1351 1495 33
1351 2611 11
1351 2613 4
1352 5272 3
1352 5273 18
1354 5266 4
1354 5271 4
1354 2052 9
1355 5278 7
1355 5279 4
1355 5524 42
1356 5273 3
1356 5267 4
1357 5265 38
1358 5264 64
1359 5377 4
1359 5378 3
1360 5469 5
1360 5483 34
1360 2028 4
1361 1362 109
1362 4920 11
1362 4910 9
1363 5448 9
1363 4907 22
1364 1434 7
1364 1381 9
1365 1390 10
1365 1439 12
1365 3862 161
1366 1373 43
1366 1438 11
1366 1368 71
1367 3853 24
1367 3014 20
1367 3012 74
1367 3852 17
1368 1464 11
1368 1400 11
1369 3862 10
1369 1384 88
1369 3015 67
1370 1468 6
1370 1434 30
1371 1396 11
1371 1414 9
1372 1902 31
1372 3932 60
1373 3862 89
1373 1384 11
1373 1397 11
1374 1471 5
1374 1381 34
1375 1375 0
1375 2036 29
1376 1419 6
1376 1466 12
1376 5427 101
1377 1721 4
1377 3364 42
1377 3923 23
1378 1406 15
1378 1454 31
1378 1900 45
1379 1404 5
1379 1445 14
1379 1455 127
1380 1459 5
1380 1421 10
1381 1383 27
1382 1404 4
1382 2317 34
1382 1446 124
1383 1794 68
1383 1453 110
1384 1464 117
1385 1442 4
1385 1865 24
1385 1427 17
1386 1410 15
1386 1411 7
1387 1402 6
1387 1426 135
1387 1412 15
1388 2125 4
1388 1407 92
1388 2547 102
1389 3860 60
1389 3861 54
1390 3013 26
1391 3818 23
1391 2309 87
1392 1435 25
1392 1474 31
1392 1932 136
1393 1458 8
1393 1467 3
1393 1476 112
1394 1446 4
1394 1455 4
1394 1404 125
1395 1900 2
1395 1428 98
1395 1406 51
1396 2086 11
1396 2087 6
1397 1869 6
1397 1424 89
1398 1448 4
1399 1456 17
1399 1465 11
1400 1796 12
1400 1468 20
1401 1419 5
1401 1461 9
1401 2356 90
1402 3453 8
1402 3454 10
1403 3231 23
1403 1440 52
1403 1409 3
1405 1410 24
1405 1460 87
1406 3860 30
1406 1441 36
1407 1422 57
1408 1423 6
1408 1418 11
1409 1433 7
1413 1432 29
1413 1944 50
1414 1463 18
1414 1892 12
1415 2709 3
1415 3388 159
1416 1448 46
1416 2317 9
1417 1467 9
1417 1466 7
1418 1914 10
1418 1920 68
1419 1659 90
1420 3030 63
1420 3859 51
1420 1871 43
1421 1458 5
1421 1444 56
1422 1477 5
1422 1444 59
1423 1447 11
1423 1892 85
1424 3862 12
1424 3030 58
1424 3031 59
1425 2063 6
1425 2085 4
1425 1473 95
1426 1455 21
1427 1429 8
1427 1865 16
1428 3034 56
1428 3859 35
1429 1445 8
1430 2802 3
1431 1436 35
1431 1442 62
1432 1475 6
1432 1928 145
1433 3047 12
1433 1475 5
1434 1902 94
1435 1451 7
1435 1474 31
1436 1867 96
1437 1794 9
1438 1869 39
1438 1796 56
1438 1871 88
1439 1894 7
1439 3033 62
1440 1465 16
1440 1456 10
1441 1454 17
1443 2308 33
1443 3232 8
1445 1891 25
1446 2231 6
1447 2866 8
1447 2868 45
1448 2288 65
1449 1451 7
1450 3803 32
1450 1460 28
1452 3452 17
1452 3453 24
1452 1457 22
1454 1472 31
1457 1472 91
1459 1673 70
1459 1461 6
1461 5399 114
1462 3851 45
1462 3854 29
1463 1948 130
1464 1471 10
1465 1961 105
1466 2191 83
1467 2190 120
1468 1880 81
1469 2099 43
1469 2116 5
1470 3818 20
1470 2802 36
1471 2560 85
1473 2076 4
1473 3851 11
1474 1946 24
1475 2300 87
1476 1478 4
1477 2088 12
1477 1478 6
1479 2350 61
1480 2350 7
1480 2351 117
1481 2686 17
1481 3064 190
1482 5204 4
1482 1485 92
1482 5203 4
1483 1515 7
1483 1484 50
1483 5215 107
1484 1516 20
1484 1485 69
1486 3786 77
1487 1590 59
1487 1973 27
1488 2516 87
1489 5210 6
1489 1489 0
1491 2545 30
1493 1493 0
1494 5404 33
1495 5404 4
1497 4121 36
1497 1499 16
1497 4122 40
1499 2168 42
1499 1504 89
1500 1503 38
1501 2166 38
1501 3535 74
1501 2168 4
1503 3421 4
1505 3530 29
1506 1507 37
1506 1508 25
1506 2344 75
1509 1510 6
1509 2345 10
1509 3055 12
1509 3538 159
1510 3539 159
1510 1511 11
1511 1515 44
1511 3540 158
1512 1514 22
1513 1514 31
1514 1516 18
1515 5204 6
1516 1516 0
1517 5226 27
1517 3297 30
1518 3296 4
1518 1519 26
1519 3296 21
1520 5214 37
1521 5214 6
1521 4987 188
1522 2373 179
1522 1524 9
1523 1525 27
1524 1525 8
1524 2707 180
1526 1529 85
1527 1528 36
1528 3815 332
1530 3081 47
1531 5311 2
1532 1534 49
1533 5319 6
1533 1550 159
1533 5316 10
1534 4835 35
1535 5554 53
1536 5556 4
1536 2790 41
1536 2901 36
1537 5356 80
1538 1549 93
1539 1540 73
1540 2462 19
1540 1786 47
1541 1542 25
1541 5558 4
1542 5559 4
1542 1549 58
1543 5553 126
1543 2899 24
1543 2898 58
1544 3894 58
1545 4829 5
1546 2386 48
1546 2846 10
1546 4831 33
1546 2384 8
1547 5556 59
1548 1555 130
1549 5560 4
1549 2338 18
1551 5008 7
1552 5558 53
1553 2921 16
1554 2921 35
1554 2919 44
1555 2466 22
1556 5559 140
1557 1559 27
1557 2918 152
1557 2338 58
1558 2923 13
1558 1568 72
1559 5562 4
1560 1564 28
1561 1569 49
1561 5560 66
1561 5561 66
1562 2461 11
1563 1564 24
1564 1565 36
1566 1570 41
1567 5562 58
1570 1571 8
1570 4825 29
1571 4699 25
1571 4824 24
1572 1600 93
1572 2467 149
1572 2955 138
1573 5171 18
1573 5172 5
1574 5186 64
1575 5174 5
1575 5171 24
1576 5158 7
1576 1602 61
1577 2389 10
1577 5128 5
1577 1587 103
1578 2934 148
1579 3533 7
1579 2397 39
1579 1672 35
1580 1585 69
1581 1582 4
1581 4922 33
1581 4923 13
1582 1583 78
1582 4924 21
1583 1674 52
1586 5130 49
1586 1677 77
1586 4764 69
1587 5130 4
1588 5134 128
1589 1595 69
1591 1596 63
1592 1596 69
1593 5133 4
1593 5101 53
1594 1599 215
1594 2765 58
1595 1596 32
1595 5133 131
1597 4882 17
1597 4886 37
1597 5060 4
1598 5075 168
1599 2885 43
1599 3940 178
1601 5165 77
1602 5159 7
1602 2430 16
1603 5160 7
1603 2430 11
1603 2431 18
1604 5161 7
1604 2431 5
1604 1605 30
1605 5136 7
1605 5177 13
1606 5186 5
1606 5177 40
1607 5158 46
1609 5188 5
1609 4852 6
1609 4854 5
1610 4865 20
1611 4254 131
1612 2340 54
1613 5165 5
1613 4858 71
1614 5175 110
1615 5160 74
1616 5161 72
1617 5193 156
1617 1621 77
1618 2150 36
1619 1625 56
1620 1624 73
1622 1631 88
1623 2501 156
1623 1629 69
1625 4547 57
1626 5565 67
1627 3100 78
1629 3863 19
1629 2502 185
1630 4129 74
1631 2792 87
1632 2342 119
1633 1634 54
1634 4560 41
1635 2793 85
1636 2937 190
1636 2947 46
1637 1645 125
1638 1653 110
1639 2355 9
1640 1650 50
1641 1667 151
1642 3315 63
1642 5124 4
1642 3059 42
1643 1644 69
1644 4783 77
1644 1676 213
1645 1649 4
1645 3224 119
1646 5124 53
1647 5450 4
1647 4907 16
1647 4914 11
1648 5263 103
1649 2366 18
1650 2353 112
1650 3224 133
1651 1669 138
1651 1653 32
1651 2380 263
1652 3657 31
1652 5235 111
1652 4415 288
1653 1655 20
1654 1663 118
1655 1671 144
1655 1657 30
1656 2355 134
1657 1668 90
1658 2186 55
1658 2190 7
1659 5429 11
1659 2356 7
1661 2356 42
1662 5234 151
1663 2396 62
1663 2721 98
1664 5450 94
1665 4937 37
1666 5119 7
1666 5020 28
1666 2393 18
1670 5120 4
1670 2393 20
1670 2391 18
1675 1676 40
1677 4763 66
1677 4762 31
1678 2474 86
1679 3348 15
1679 3346 25
1679 1685 103
1680 2410 33
1681 5063 40
1681 1691 141
1681 5060 90
1681 4887 42
1682 1683 30
1682 5063 4
1682 5115 42
1683 5021 51
1683 5111 3
1684 4842 40
1684 2410 54
1686 1687 40
1686 3346 52
1686 3344 184
1688 5110 3
1688 4797 75
1690 1700 163
1690 4846 133
1691 5066 38
1691 4849 8
1692 5066 4
1693 1694 42
1693 1696 23
1695 1696 50
1696 3462 40
1697 1699 46
1698 3973 11
1698 5106 173
1698 5107 11
1701 1705 132
1701 4765 29
1704 4748 25
1704 4747 23
1706 3457 68
1706 3461 165
1707 1709 128
1707 2992 348
1708 1711 72
1710 1712 162
1710 3456 53
1711 1713 108
1711 4354 56
1714 1715 20
1716 1718 103
1718 3245 43
1718 4632 59
1718 5068 208
1720 1721 54
1721 3363 41
1721 1867 34
1723 1725 89
1724 3847 191
1724 3415 773
1726 1727 66
1727 4120 60
1729 1740 211
1730 1741 199
1731 4116 7
1732 1733 59
1733 1737 35
1734 4118 3
1734 4113 66
1735 5623 132
1736 1737 100
1737 1739 35
1738 5636 116
1740 1741 118
1742 1744 23
1743 1744 38
1744 5620 43
1745 5623 5
1745 4247 76
1747 4226 32
1747 5620 5
1748 5629 4
1748 4223 37
1748 4239 38
1750 5629 111
1752 5048 4
1754 1755 49
1754 4493 290
1755 2637 4
1755 3282 107
1756 5050 167
1757 5050 4
1757 4683 44
1758 3069 799
1759 1762 84
1759 3744 44
1759 3753 81
1760 3913 57
1761 3751 28
1761 3752 55
1761 3753 30
1762 3746 5
1762 3748 74
1763 4656 238
1764 1765 102
1765 3746 101
1765 3749 87
1766 4058 58
1767 2644 50
1768 2644 4
1768 2643 130
1768 2647 164
1770 4587 86
1771 4587 6
1771 4588 35
1772 2647 128
1772 1773 114
1774 2666 124
1775 5039 22
1775 3071 75
1775 3070 26
1776 5039 4
1776 5024 116
1776 3221 133
1777 4039 107
1777 1778 50
1779 4042 20
1779 1782 35
1779 1780 81
1781 4642 71
1782 1784 32
1782 4642 5
1783 1784 21
1785 3487 9
1786 5372 6
1786 2464 29
1787 4705 27
1787 1788 104
1788 2033 50
1789 2679 88
1790 2679 8
1790 1791 179
1790 4209 46
1791 1792 92
1792 2034 71
1793 1795 3
1794 3233 76
1794 4080 128
1795 3235 57
1796 1872 17
1797 3931 38
1797 3930 38
1798 3932 25
1799 1800 29
1800 1801 15
1802 3501 11
1802 1956 6
1803 3501 15
1803 2323 15
1804 1958 3
1804 1957 4
1804 1953 139
1805 1937 43
1805 2300 151
1806 4181 5
1806 3502 17
1806 1960 19
1807 1808 5
1807 1969 15
1808 1809 4
1809 4181 10
1809 1962 50
1810 2833 24
1811 1812 68
1813 3298 86
1814 2207 20
1814 3737 7
1814 5258 6
1814 1818 38
1815 1816 25
1815 3737 24
1815 1817 16
1815 2971 29
1816 1817 14
1816 1821 40
1817 2974 14
1817 2973 14
1818 3736 8
1819 1820 5
1819 2972 8
1819 2974 18
1819 2971 14
1820 1823 31
1820 2975 22
1820 3736 23
1821 2517 13
1821 1827 38
1821 1822 34
1822 1822 0
1823 1829 38
1823 2518 9
1823 2590 24
1824 2518 6
1824 1825 15
1825 1827 12
1826 1833 71
1826 2592 7
1826 5260 6
1827 1828 8
1827 1830 49
1828 1831 36
1829 2519 5
1829 2592 25
1830 2519 17
1830 4167 22
1831 1834 30
1833 5018 58
1833 5249 7
1835 5249 2
1835 4167 43
1835 4168 28
1836 1838 28
1836 2520 26
1837 4168 12
1837 1838 17
1838 2521 13
1839 2521 4
1839 1843 80
1839 3925 88
1840 1842 18
1840 2593 22
1841 5245 9
1842 2594 29
1843 2619 4
1843 3924 11
1844 2541 13
1845 2541 42
1846 1847 1136
1847 4559 928
1848 1849 14
1848 1873 21
1848 1872 43
1849 1878 51
1849 1874 61
1850 1851 55
1851 1859 29
1852 1855 23
1852 1859 9
1853 1854 6
1853 1889 10
1853 1883 64
1854 1889 12
1854 1855 3
1855 1857 4
1856 1858 7
1857 1865 115
1857 1858 16
1858 1860 30
1859 1889 13
1859 1891 70
1860 1863 53
1860 1861 30
1861 1863 44
1861 1862 27
1862 1863 52
1862 2878 37
1864 2878 48
1866 1867 85
1867 1868 4
1870 1871 15
1872 1873 41
1874 1875 68
1875 1876 60
1876 1881 35
1876 1878 27
1877 1879 20
1877 1882 46
1878 1881 40
1880 1883 34
1881 1882 28
1883 1884 10
1884 1905 22
1885 1887 11
1888 1890 32
1892 1893 12
1893 1894 14
1895 1931 49
1895 1896 40
1896 1932 60
1896 1897 11
1896 1920 45
1897 1898 0
1898 1901 14
1898 1899 16
1899 1900 10
1902 1903 33
1903 1903 0
1904 1905 71
1905 1906 58
1907 1908 4
1908 1935 21
1908 1909 53
1910 1911 4
1910 1935 65
1910 1912 23
1911 1913 21
1911 1914 39
1912 1913 4
1912 2615 27
1913 2616 27
1914 1919 67
1915 1916 6
1915 2615 23
1915 1921 57
1916 2616 23
1917 2821 43
1917 1918 16
1918 2820 68
1918 3867 8
1919 1920 26
1921 1923 26
1922 3867 49
1922 1928 38
1922 1924 48
1923 1925 22
1923 1924 21
1924 1925 16
1925 1927 26
1925 1926 11
1926 1927 27
1926 1928 60
1927 1929 17
1929 1930 10
1929 1933 60
1931 1932 37
1934 4261 60
1935 1936 68
1938 1942 24
1939 1940 15
1940 1943 31
1940 1942 28
1941 1946 57
1942 1943 18
1943 1944 19
1944 1946 55
1944 1945 5
1946 1947 5
1949 2868 39
1950 4176 18
1950 1951 5
1951 1952 5
1951 1963 21
1952 1953 6
1952 2703 22
1954 4182 29
1954 5277 264
1955 1956 6
1955 2323 16
1957 3502 2
1957 1959 2
1958 1959 2
1958 1969 9
1960 1961 49
1960 4181 19
1961 1962 34
1962 5423 8
1963 2703 5
1964 1966 6
1965 1967 2
1965 1966 7
1965 2703 18
1966 1968 10
1970 2675 31
1972 1973 32
1973 1982 88
1974 2618 48
1974 1975 60
1976 3402 150
1976 3424 72
1977 1979 20
1977 1981 25
1977 1978 27
1978 1979 19
1978 1980 13
1979 1981 15
1981 1982 11
1983 2796 6
1983 2033 563
1983 2798 30
1984 2807 4
1984 2045 81
1985 1986 1
1985 1998 25
1985 5526 26
1986 1996 31
1986 1988 52
1987 1993 15
1987 1990 39
1987 5526 15
1988 1992 26
1988 1994 14
1989 1990 3
1989 5276 39
1990 1991 5
1991 5275 10
1991 1993 46
1992 1997 10
1992 1995 23
1993 2002 23
1994 1996 28
1994 1997 23
1995 2000 9
1995 2007 58
1996 1998 25
1997 1999 16
1998 2003 15
1999 2000 6
1999 2004 14
2000 2006 18
2001 5275 21
2001 2011 30
2003 2009 13
2003 2008 41
2004 2006 18
2004 2008 52
2005 2007 5
2005 5537 6
2006 2007 43
2007 2012 33
2008 2009 41
2010 2031 17
2010 2012 5
2010 5539 4
2012 2022 107
2013 5514 15
2013 5519 60
2013 5516 5
2013 5517 66
2014 4176 10
2014 4177 15
2014 5502 41
2015 4177 16
2016 2019 25
2017 2018 22
2019 2023 92
2020 2023 40
2020 2021 18
2022 2024 31
2022 5521 6
2022 5522 37
2024 5519 33
2025 5280 87
2025 2027 22
2026 5441 28
2026 5440 36
2028 5479 32
2028 5482 34
2028 2047 53
2029 5458 9
2029 5442 16
2030 5491 4
2030 2995 22
2031 3228 21
2032 5465 53
2032 2036 86
2033 2035 4
2034 2474 92
2034 2038 48
2035 2037 12
2035 2796 567
2035 2883 32
2036 2041 73
2037 2038 4
2037 2837 6
2037 2883 29
2038 2994 11
2039 2041 4
2039 5521 23
2040 2042 67
2041 2042 2
2042 2043 38
2044 2048 38
2045 2994 472
2047 2047 0
2052 2617 7
2053 5261 5
2053 5262 4
2054 5245 17
2054 2054 0
2056 3755 144
2056 3748 67
2057 2357 21
2058 2059 71
2059 2822 137
2060 2795 112
2061 2062 66
2062 2901 33
2062 2794 61
2063 3853 72
2063 3857 64
2064 2075 78
2064 2081 138
2065 2066 13
2065 2067 9
2066 2068 3
2066 2073 22
2067 2070 3
2067 2068 11
2068 2074 22
2069 2072 8
2069 2114 46
2070 2071 3
2071 2078 72
2072 2076 20
2073 2074 3
2073 2077 34
2074 2077 34
2075 2523 81
2077 2079 42
2078 2080 13
2079 2081 9
2079 2083 10
2080 2082 5
2080 2084 10
2081 2086 87
2082 2085 11
2084 2087 104
2086 2523 57
2088 2091 33
2089 2199 2
2089 2102 18
2090 2091 8
2090 2103 14
2092 2093 4
2092 2097 20
2092 2096 23
2093 2098 20
2093 2119 88
2094 2124 3
2094 2100 10
2094 2099 7
2095 2096 9
2096 2097 5
2096 2116 57
2097 2098 4
2097 2117 63
2098 2117 63
2099 2101 10
2099 2104 47
2101 2105 47
2102 2103 8
2102 2104 64
2104 2105 10
2104 2124 44
2106 2999 32
2106 2120 11
2107 2108 2
2107 2121 19
2107 2109 16
2108 2110 39
2108 2118 41
2110 2118 29
2110 2111 12
2111 2880 68
2111 2113 49
2112 2114 10
2114 2122 7
2114 2120 84
2115 2121 44
2115 2118 21
2116 2117 7
2117 2119 10
2119 2120 6
2123 2124 27
2125 3856 60
2126 3512 1
2127 2130 35
2128 2129 12
2129 2130 6
2129 2215 49
2131 2132 18
2133 2134 111
2134 5255 9
2135 2141 33
2135 2137 41
2135 2209 11
2136 2137 6
2137 2138 23
2139 2140 9
2139 2141 91
2141 2142 20
2143 3294 3
2143 2144 23
2144 2144 0
2145 2207 180
2145 3738 7
2146 3738 22
2147 2150 13
2147 2148 6
2147 2149 4
2148 2150 13
2148 2752 28
2151 2875 34
2151 2155 12
2151 2870 29
2152 2875 11
2152 2154 50
2152 2153 7
2153 2155 46
2153 2875 7
2154 4275 2
2154 5159 101
2155 2871 45
2156 2560 16
2156 2157 50
2157 2158 20
2159 2557 88
2160 2557 5
2160 3226 13
2161 2164 24
2161 5405 68
2161 2163 19
2162 2167 49
2164 2165 22
2165 2168 38
2165 2166 3
2166 2167 6
2167 2169 236
2168 3537 74
2169 2172 24
2170 2171 4
2171 2172 5
2172 2173 62
2173 2174 7
2176 2176 0
2177 2203 51
2178 2179 27
2178 3878 49
2178 5005 2
2178 3874 67
2179 4998 2
2179 2180 4
2180 5257 191
2181 3875 27
2181 4998 7
2181 2182 8
2182 3886 184
2182 2184 7
2183 5251 51
2183 2185 8
2184 2186 5
2184 2191 94
2185 5001 1
2185 2204 28
2186 2189 7
2187 2205 28
2187 5001 5
2187 2188 7
2188 2189 2
2188 2593 280
2189 2190 55
2190 4937 34
2191 2624 191
2192 4996 2
2192 2193 94
2192 2204 169
2193 2194 9
2193 4996 94
2195 2197 64
2196 2197 44
2197 2198 9
2198 4166 35
2198 2199 19
2199 2594 120
2200 2202 30
2201 2203 28
2202 5251 4
2202 2204 67
2203 5252 54
2204 4995 1
2205 4995 7
2207 5259 5
2208 5259 52
2209 3489 68
2209 3484 25
2210 3489 13
2211 2555 4
2212 2555 50
2213 2214 21
2215 2216 12
2216 2216 0
2217 4137 3
2217 2503 14
2218 4137 25
2219 4135 4
2219 2503 98
2220 4135 48
2220 2221 32
2220 2222 78
2223 2224 58
2224 2225 11
2224 5215 93
2225 2226 56
2227 2998 41
2228 2998 4
2229 2230 35
2231 3803 23
2231 2310 24
2232 2248 88
2232 2236 12
2232 2310 47
2233 2245 14
2233 2238 15
2233 2234 44
2233 2247 42
2234 2237 15
2234 2318 13
2234 2240 46
2235 2241 49
2235 2236 44
2235 2243 10
2236 2244 11
2237 2238 44
2237 2240 43
2237 2243 15
2238 2246 43
2238 2244 15
2239 2248 3
2239 2319 3
2239 2264 5
2240 2242 18
2241 2242 9
2241 2319 9
2242 2243 51
2243 2244 44
2244 2311 43
2246 2247 16
2246 2311 14
2247 2314 13
2248 3735 11
2249 2251 42
2249 3735 41
2249 2250 19
2252 2264 7
2252 2257 4
2252 2256 14
2253 2254 28
2253 2256 33
2253 2262 30
2254 2261 28
2254 2255 31
2255 2259 28
2255 2256 28
2255 2258 19
2257 2320 5
2257 2319 12
2258 2260 28
2258 2320 23
2259 2322 22
2259 2260 19
2259 2261 31
2260 2321 7
2261 2322 39
2261 2262 63
2262 2263 11
2264 2265 127
2265 2275 23
2265 2273 12
2265 2272 29
2266 2267 18
2267 2270 7
2267 2275 17
2267 2268 14
2269 2270 18
2270 2271 13
2270 3483 21
2274 2275 19
2275 2276 13
2277 2278 29
2277 2280 45
2277 2279 37
2278 2280 34
2278 2279 23
2278 2282 12
2279 2321 12
2279 2320 56
2280 2281 13
2281 2282 34
2281 2322 43
2282 2321 22
2282 2322 26
2283 2284 23
2283 2317 104
2284 2285 40
2284 2286 77
2287 2288 29
2288 4072 57
2289 2290 49
2291 2292 50
2293 2293 0
2294 2297 48
2294 2296 12
2295 2296 34
2295 2298 15
2297 2298 16
2297 3504 83
2298 2299 42
2300 2301 46
2302 5374 52
2303 5374 4
2304 2305 59
2304 2953 53
2306 2307 88
2308 2802 7
2310 2311 24
2312 2315 26
2324 2326 13
2324 2331 26
2324 4127 4
2325 4127 49
2326 2633 11
2326 4126 5
2328 2329 45
2328 4867 20
2330 2332 21
2331 2632 4
2331 2631 4
2332 2333 9
2332 2630 5
2333 2334 15
2334 2335 18
2336 2337 107
2336 5477 21
2338 5561 4
2340 2455 79
2340 2959 193
2341 5376 92
2343 4162 198
2343 3086 13
2343 5567 27
2344 3540 12
2345 3055 3
2345 2694 27
2346 2865 38
2346 5206 8
2347 5206 71
2348 2349 24
2348 4988 28
2348 2537 7
2349 2350 30
2350 2352 114
2351 2352 9
2351 2830 70
2352 2354 103
2352 5201 71
2353 2355 53
2353 5201 21
2355 3945 58
2356 3945 77
2358 2359 36
2359 2361 32
2359 2360 45
2361 2361 0
2362 2551 3
2363 2551 41
2364 2368 3
2364 2708 92
2364 2365 90
2366 2708 4
2366 2368 93
2367 2369 32
2369 2708 32
2369 2370 41
2371 2706 77
2372 2706 5
2373 2374 3
2373 2707 4
2374 2705 4
2375 2705 56
2376 2843 23
2376 2377 37
2376 2379 25
2378 2379 40
2380 2844 27
2380 2381 39
2382 2383 20
2382 3038 83
2382 2384 25
2383 2384 32
2383 2385 15
2385 2386 67
2385 2387 28
2386 4826 4
2388 5120 169
2389 5121 4
2389 2391 13
2390 5121 77
2391 5127 4
2392 5127 91
2392 5126 99
2392 3320 16
2393 5126 4
2394 4880 373
2394 2395 288
2395 2396 145
2395 3318 49
2397 2398 45
2399 2400 24
2400 2445 145
2401 2448 11
2401 2402 37
2401 2403 13
2403 2404 26
2405 2406 31
2405 3532 92
2407 2408 75
2407 3532 61
2409 2410 40
2411 2412 78
2411 2411 0
2412 4804 46
2413 2414 56
2414 3253 23
2415 5087 4
2416 5087 57
2416 2420 3
2416 2417 28
2418 2420 32
2419 2420 12
2421 2422 39
2423 2776 13
2423 2996 4
2424 2996 25
2425 4569 148
2425 3786 11
2425 3785 113
2427 2428 71
2428 5184 43
2428 2430 53
2429 5189 94
2431 5184 5
2432 3327 16
2432 2433 58
2435 5143 4
2436 5143 71
2437 2439 88
2438 5144 189
2438 5145 181
2440 5145 4
2440 5017 52
2441 5128 56
2441 2442 58
2441 2443 33
2444 4722 10
2445 2447 162
2446 5092 50
2448 2449 71
2451 5116 152
2451 4805 82
2452 3973 52
2452 4797 29
2452 5108 3
2453 2454 35
2455 2937 89
2455 2938 129
2456 2457 152
2457 2938 305
2458 4905 63
2458 4914 15
2459 2942 43
2460 2461 55
2462 3368 20
2463 2464 59
2465 4875 169
2466 4873 17
2466 4875 61
2467 2960 26
2468 2960 32
2469 5375 87
2470 3036 36
2470 5375 4
2472 2473 71
2473 3228 83
2473 2839 105
2474 3348 25
2475 4893 56
2475 3076 113
2475 4575 11
2476 2478 7
2477 2480 45
2478 2482 22
2478 2480 5
2479 2482 53
2481 2482 48
2483 4279 220
2483 4514 5
2483 5181 120
2483 5419 193
2485 2486 219
2485 3766 111
2486 3756 127
2487 2488 28
2487 3269 135
2487 3774 62
2488 2489 60
2488 3768 58
2489 3913 292
2490 3356 6
2490 3351 81
2490 3357 63
2491 5637 137
2493 2629 125
2493 4701 133
2494 2495 28
2494 4132 25
2495 2496 17
2495 4132 30
2496 4146 12
2497 3213 20
2497 4713 20
2498 4146 8
2498 3213 104
2498 4144 29
2503 4129 4
2504 3476 145
2504 2505 98
2504 2855 648
2505 2637 117
2505 2712 68
2506 2507 8
2508 3483 110
2508 2509 10
2511 2514 72
2512 2516 89
2512 2513 34
2515 2516 10
2517 2975 2
2517 2518 36
2518 2519 40
2520 2521 28
2522 2523 22
2524 4175 23
2524 2525 16
2524 2526 20
2525 2528 20
2525 2527 19
2526 4174 22
2526 2527 15
2527 2529 20
2528 2530 15
2528 2529 17
2528 4172 13
2529 2532 15
2530 2532 14
2530 2531 3
2533 2534 52
2535 3975 43
2536 3680 300
2536 3197 170
2537 5213 4
2537 4987 25
2538 2539 8
2538 2540 69
2539 4286 4
2542 2547 18
2543 2546 50
2543 2545 66
2546 2546 0
2548 2549 5
2548 3224 207
2550 2552 106
2551 2554 100
2552 2553 21
2553 2556 86
2554 2555 10
2555 3226 266
2556 3513 143
2556 2557 173
2557 2558 73
2558 2559 42
2558 3002 76
2559 2560 90
2561 2562 11
2563 2584 49
2564 2566 41
2564 2565 10
2566 4533 120
2566 4536 11
2567 3674 39
2568 4536 19
2569 4532 3
2569 3094 13
2570 3904 16
2570 3902 11
2570 2571 8
2571 2579 57
2571 2572 1
2572 2573 8
2572 2574 14
2573 2577 23
2573 2574 6
2573 3901 3
2574 2575 3
2575 2581 54
2575 2576 8
2577 2578 9
2578 2580 23
2579 2580 10
2579 4294 10
2580 2581 10
2581 2582 6
2585 4283 19
2586 3926 17
2587 2801 27
2587 3232 19
2588 3484 108
2588 2589 116
2589 2591 27
2589 5258 54
2590 3736 28
2590 2592 33
2591 5260 19
2592 5249 71
2593 2594 30
2595 2596 37
2595 2865 17
2595 2863 46
2596 2597 33
2598 2599 4
2598 2713 5
2599 2715 5
2600 2716 49
2600 2714 16
2600 2601 6
2602 2720 6
2602 2718 5
2603 4062 165
2604 2605 83
2605 2963 79
2606 2607 27
2608 2613 133
2608 2996 100
2611 2612 45
2613 5404 33
2614 4173 9
2614 3401 4
2615 2616 5
2617 5271 9
2617 5272 18
2619 5248 33
2620 3892 8
2620 5000 7
2621 4136 5
2621 4138 4
2621 3239 38
2622 4994 8
2622 3886 8
2623 4944 68
2623 4946 106
2624 3951 43
2624 4947 89
2625 4944 4
2625 4948 16
2626 4948 5
2626 4947 6
2626 2627 47
2627 4945 3
2627 4943 7
2628 4131 4
2628 4145 3
2628 3871 108
2629 2631 15
2629 4145 22
2630 2632 6
2630 4131 17
2631 4142 52
2632 4127 25
2633 4139 5
2633 4142 4
2634 2635 436
2635 2636 275
2635 5648 57
2636 3229 142
2637 2642 412
2638 2639 52
2638 3280 55
2638 3995 102
2640 3282 297
2640 2641 15
2641 2643 17
2642 2643 3
2642 2644 129
2644 2647 165
2645 2646 83
2646 2653 74
2647 2649 64
2648 2649 8
2649 2654 49
2650 3914 38
2651 2656 19
2652 2656 14
2652 2657 14
2653 2658 15
2653 4032 94
2654 3914 4
2654 2660 37
2655 2660 22
2656 2657 4
2656 2659 21
2657 2658 2
2657 2695 19
2658 2696 19
2659 2695 1
2659 3918 22
2660 3917 17
2661 3918 3
2661 2663 73
2661 2696 24
2661 2662 49
2662 2664 52
2664 2667 173
2666 2668 5
2667 2699 100
2667 2668 15
2669 2670 103
2669 4048 51
2672 5045 4
2672 5046 4
2672 2980 42
2673 4234 113
2674 2702 5
2675 2676 34
2675 2800 47
2677 2678 22
2677 2808 31
2679 3227 24
2680 3939 54
2680 2765 257
2680 3340 241
2681 2682 10
2682 3941 150
2682 2684 228
2683 3941 57
2683 3939 83
2684 3941 299
2687 3547 367
2688 3189 2
2688 3191 61
2689 3314 2
2689 3313 7
2689 3180 123
2690 4553 5
2690 2691 77
2690 4552 44
2691 4551 34
2691 4552 38
2692 3432 53
2692 3053 103
2692 3953 85
2693 3432 66
2693 3092 2
2693 2694 402
2693 3444 16
2694 3052 2
2695 2696 2
2696 2697 174
2698 4017 9
2698 4013 86
2698 2699 128
2700 5089 144
2700 2701 65
2701 2701 0
2702 4234 41
2704 3194 4
2704 3079 307
2707 4720 60
2709 3364 187
2709 2824 13
2710 4228 8
2710 3355 4
2710 3353 5
2711 3474 55
2711 2712 73
2713 2714 21
2715 2717 56
2715 2720 98
2716 2718 10
2717 5203 5
2717 5206 179
2718 5199 21
2719 3327 12
2719 5166 3
2719 5164 6
2719 3335 11
2720 5198 20
2721 5124 94
2721 5125 17
2722 2723 97
2723 2724 180
2725 4416 4
2725 3225 86
2725 3657 144
2726 4408 10
2726 4402 15
2726 4403 249
2727 4404 31
2727 4406 31
2728 4458 15
2728 3727 24
2728 3697 15
2728 2748 44
2729 3715 7
2729 3714 32
2729 3698 29
2730 4465 8
2730 3723 75
2731 2767 5
2731 5155 6
2732 2733 19
2733 2734 18
2733 5155 55
2735 3720 208
2735 4454 108
2735 4455 191
2736 4489 7
2736 4455 11
2736 2737 154
2737 2738 327
2737 4489 146
2738 4487 67
2738 4479 129
2739 2740 26
2739 4487 79
2739 2744 122
2739 4480 309
2740 2741 82
2740 4486 138
2741 2742 230
2741 4486 91
2741 2744 170
2742 4486 150
2743 4484 69
2743 4474 1105
2743 4479 79
2744 4479 63
2745 4485 81
2745 4478 16
2746 2747 36
2746 4476 21
2746 4478 118
2746 4477 47
2747 4475 77
2747 4476 51
2748 3724 90
2748 3727 21
2748 3716 96
2749 4460 12
2749 3716 20
2749 3719 52
2750 3710 22
2750 2751 155
2750 4453 180
2751 3721 96
2751 4453 177
2752 5136 15
2752 2753 28
2754 3291 17
2754 3479 18
2754 2990 120
2755 2756 6
2755 3519 2
2755 3516 3
2756 2757 2
2756 2760 17
2757 2759 12
2757 3519 6
2758 2761 22
2759 2760 17
2759 2989 37
2760 2761 7
2761 3042 9
2762 3043 35
2762 3479 510
2763 2982 12
2763 2764 34
2763 2985 8
2764 3043 65
2766 4512 160
2766 5183 131
2766 4513 96
2767 5183 5
2767 4960 22
2768 2769 127
2769 4791 4
2769 4789 34
2770 2771 88
2772 2773 175
2776 2997 5
2777 2997 24
2778 2779 13
2778 2998 33
2779 3187 6
2779 3186 3
2779 5380 68
2780 2998 44
2780 5385 19
2781 5022 59
2781 5103 10
2781 5104 9
2782 2785 26
2783 2786 10
2784 5104 86
2784 2785 60
2784 3775 87
2785 2786 33
2786 2787 25
2788 5331 75
2788 2789 17
2788 5594 4
2789 5333 59
2789 5336 37
2790 5557 4
2791 2792 11
2791 2936 16
2792 5566 6
2794 5554 2
2794 2795 3
2796 2804 26
2797 2805 37
2797 2799 6
2798 2804 5
2798 2800 37
2799 2803 12
2801 3231 37
2803 2804 9
2804 2805 34
2805 2806 24
2805 2807 4
2806 2807 24
2808 3938 32
2809 4787 540
2809 4351 731
2810 3551 151
2811 3300 24
2811 5398 160
2812 5583 4
2812 5328 51
2812 2813 17
2812 5591 3
2813 5295 7
2813 5296 26
2814 2815 15
2814 5321 8
2816 2818 43
2816 2817 41
2818 2819 32
2818 4076 36
2820 2821 14
2822 3072 257
2823 3340 77
2824 3352 9
2824 2825 39
2825 4933 21
2826 2827 58
2826 3359 157
2828 3337 13
2828 5170 13
2828 5150 15
2828 3329 13
2829 4292 9
2829 3324 25
2829 5148 8
2830 5200 8
2830 5201 8
2832 3116 165
2832 3102 101
2832 3101 31
2833 2834 56
2835 2836 98
2837 2994 6
2838 2994 43
2839 2841 5
2840 2841 66
2841 5417 520
2843 2844 78
2845 2846 49
2846 4832 34
2847 5119 137
2848 3473 14
2849 3558 72
2849 3559 204
2849 4082 19
2850 2851 33
2850 4081 199
2851 2852 29
2853 2854 10
2853 3559 375
2853 2855 26
2854 2855 20
2854 3473 637
2856 3476 112
2856 3473 65
2856 4251 141
2857 2858 92
2857 2993 93
2858 3813 62
2858 3561 81
2859 3561 24
2859 3560 71
2859 2993 107
2860 2861 63
2860 4073 47
2863 2864 21
2863 2865 43
2867 2868 6
2869 4559 598
2869 3685 173
2869 3683 270
2871 2872 56
2871 2873 13
2871 4269 92
2872 3193 34
2872 3192 19
2872 4271 20
2872 4273 59
2874 4270 24
2877 2878 4
2878 2879 19
2881 4025 2
2881 2882 50
2884 3826 50
2886 5608 220
2887 5599 4
2887 5343 20
2888 5597 55
2889 5597 4
2889 5341 36
2889 5345 14
2890 5593 42
2891 5593 4
2891 5328 32
2891 5331 8
2892 5576 4
2892 5305 23
2892 5307 2
2893 5305 19
2893 5575 4
2894 2895 64
2896 3804 162
2896 5319 21
2896 2897 124
2900 5555 106
2901 5555 4
2902 2903 49
2904 5594 40
2906 5557 80
2907 5281 57
2907 5282 47
2908 2923 45
2908 3322 45
2909 4963 31
2910 2911 21
2911 2913 10
2911 2912 37
2912 2915 68
2914 2915 55
2916 2917 99
2920 2921 107
2922 2923 120
2924 2925 53
2925 3048 253
2926 2927 55
2927 2929 2
2927 2930 32
2928 2929 24
2930 2932 60
2930 2931 42
2933 2934 94
2934 3215 66
2935 2936 42
2937 2938 122
2939 2940 47
2940 4925 98
2940 4915 67
2941 2942 52
2942 4711 91
2943 2951 5
2943 2944 65
2945 2951 52
2945 2946 86
2948 2949 33
2949 5453 4
2949 4910 17
2949 3350 32
2950 2951 79
2952 2953 57
2954 2955 319
2955 2957 76
2956 2957 56
2958 2959 29
2959 3073 3
2959 2960 30
2961 2995 83
2962 2995 4
2962 5545 26
2963 2964 71
2965 5569 11
2966 2967 18
2968 5067 4
2968 4637 150
2969 4846 25
2969 2970 139
2971 2972 13
2972 2973 8
2973 2974 8
2974 2975 17
2977 2979 3
2977 2978 9
2978 2979 13
2979 5071 48
2980 5071 4
2981 3042 14
2981 2982 37
2981 2989 38
2982 2984 14
2983 2987 8
2983 2986 3
2983 2984 11
2983 2985 8
2984 2985 4
2987 2988 22
2987 2989 29
2988 3522 33
2988 3521 3
2989 3524 48
2990 3529 16
2991 3291 7
2991 2992 70
2995 5488 59
2999 3000 35
3000 3006 47
3000 3001 55
3001 3018 92
3001 3004 95
3001 3006 84
3002 3010 41
3002 3004 55
3002 3008 42
3003 3018 13
3004 3848 67
3004 3010 31
3005 3856 6
3005 3848 144
3005 3006 70
3007 3011 50
3007 3008 30
3007 3010 46
3008 3010 25
3008 3009 99
3010 3018 59
3011 3017 13
3011 3018 88
3011 3016 53
3012 3855 26
3012 3017 36
3013 3850 52
3013 3852 55
3014 3015 38
3015 3850 14
3016 3017 45
3019 3230 3
3020 3025 6
3020 3230 14
3020 3029 39
3021 5613 7
3021 3023 22
3021 5605 47
3022 3026 13
3022 3024 12
3022 3025 7
3023 3029 13
3023 3026 8
3024 3025 19
3024 3027 9
3026 3027 8
3027 3029 9
3028 3029 6
3030 3859 75
3031 3033 40
3031 3032 43
3032 3033 55
3032 3034 77
3035 3036 91
3039 3040 14
3040 3041 53
3042 3043 35
3043 3044 12
3045 3046 42
3048 4124 154
3048 3049 151
3049 4963 310
3049 4124 157
3050 3053 32
3051 3053 2
3051 3195 331
3051 3092 224
3052 3092 401
3052 3055 28
3053 3079 330
3054 3468 22
3054 3092 2
3054 3465 14
3056 3057 85
3058 5117 86
3059 5117 4
3060 3218 152
3060 3543 25
3060 3566 56
3061 3062 31
3062 5243 212
3063 3064 88
3065 3066 15
3066 3571 33
3067 3571 3
3067 4523 763
3067 5179 60
3069 4648 83
3069 4646 32
3069 4640 32
3070 4648 18
3070 3265 62
3074 3579 22
3074 3075 284
3075 3076 225
3075 3578 188
3076 3312 144
3077 4952 8
3079 3195 3
3080 3530 157
3080 4991 93
3081 4757 33
3081 4990 250
3081 4991 33
3082 3085 29
3082 3802 108
3082 3086 31
3083 3084 157
3083 3802 29
3083 3185 132
3084 4571 53
3084 3085 13
3085 4570 53
3085 3086 6
3087 3194 145
3087 3675 146
3088 4371 22
3089 3090 14
3089 4371 49
3090 3091 160
3090 4371 63
3091 3564 70
3093 4296 19
3093 4286 40
3094 4286 32
3095 3210 248
3096 3205 38
3098 4806 11
3098 4823 6
3098 4807 16
3099 4817 13
3099 4823 22
3099 4821 22
3100 4811 34
3100 4812 43
3100 4816 14
3101 3129 58
3101 3593 21
3102 5230 367
3102 3115 32
3104 3138 20
3104 4302 22
3105 3106 180
3105 4338 166
3105 3171 69
3105 4390 56
3106 4388 10
3106 3137 29
3107 3120 80
3107 3108 140
3107 4377 116
3109 4507 136
3109 3600 85
3109 4504 337
3110 4506 99
3111 3128 72
3111 4379 343
3111 4511 153
3112 3113 102
3112 3592 92
3112 3171 114
3112 3114 40
3113 4388 4
3113 3137 43
3114 3136 68
3114 3596 122
3114 3594 121
3114 3160 113
3115 4346 233
3115 4344 124
3116 4329 185
3116 3117 52
3117 4330 12
3117 4331 15
3118 3119 224
3119 3121 118
3119 3120 120
3120 3121 38
3121 3139 568
3121 3122 305
3122 3140 130
3123 4313 28
3123 3146 17
3123 3126 33
3124 5235 3
3124 3591 738
3124 3125 84
3125 4319 24
3125 4318 49
3125 4317 65
3126 3127 177
3126 4319 154
3128 4339 33
3128 4342 86
3129 4343 40
3129 3130 44
3130 4343 19
3130 4342 35
3130 3131 45
3130 4339 91
3131 4343 40
3131 3132 79
3132 4340 10
3132 3133 123
3134 3136 30
3134 3135 41
3134 4303 145
3137 4389 41
3138 4307 9
3138 4302 20
3139 3570 158
3139 4302 166
3140 3302 12
3141 3178 723
3141 3142 126
3141 5370 312
3142 5370 232
3143 4381 128
3143 3144 36
3143 4324 85
3144 3145 130
3144 4323 106
3145 4324 154
3145 3146 83
3146 3594 67
3147 3148 106
3148 4381 202
3148 3149 55
3149 3150 22
3149 4381 242
3150 3153 386
3150 3591 112
3151 3154 17
3151 3153 10
3151 3176 156
3152 3154 47
3152 3158 173
3152 3172 70
3153 3154 23
3154 3172 66
3155 3172 107
3156 3157 91
3157 3161 59
3157 4386 40
3158 3159 10
3158 4384 90
3159 3161 15
3159 3160 94
3160 3592 19
3160 3595 51
3161 3592 114
3162 3170 43
3163 3170 252
3163 4391 198
3163 3164 82
3163 3165 86
3165 3175 221
3165 3169 106
3165 3166 106
3166 3174 58
3166 4392 144
3167 3173 9
3167 3168 109
3167 3176 23
3170 3171 148
3172 3173 100
3173 3174 35
3174 3175 262
3175 3601 86
3176 4393 267
3177 3178 53
3178 3301 308
3180 3685 18
3180 3982 74
3181 4150 48
3181 4992 3
3182 3911 119
3183 3184 25
3184 3786 182
3184 4569 29
3185 4760 48
3188 4975 221
3189 3190 35
3193 4272 16
3193 4274 64
3194 3675 4
3194 3195 308
3198 3199 7
3198 5016 156
3198 5224 102
3199 3888 3
3199 5223 99
3199 5221 156
3201 3208 10
3202 3204 12
3202 3203 9
3203 3211 19
3203 3204 9
3204 3205 33
3205 3207 88
3206 3207 20
3207 3208 171
3208 3212 201
3209 3214 239
3209 3210 33
3209 3211 125
3210 3211 115
3212 3888 511
3213 3214 62
3214 4701 87
3216 3305 20
3217 3806 104
3217 5392 404
3218 3567 39
3219 5032 23
3220 5032 7
3220 3221 37
3221 5031 4
3222 5031 29
3223 4361 33
3223 4359 76
3225 4426 15
3225 3497 139
3228 5444 52
3229 5390 370
3229 5664 468
3230 5553 35
3230 5613 29
3231 3232 4
3233 3929 14
3233 3234 4
3234 3234 0
3235 3929 2
3235 3236 36
3237 3869 11
3237 3945 8
3237 3946 6
3238 4134 10
3238 3880 28
3238 3240 16
3239 4134 4
3240 3880 28
3240 3887 59
3241 5054 162
3242 5052 182
3243 5053 384
3244 4632 5
3244 4633 79
3245 3248 87
3245 3246 118
3247 3248 129
3248 3250 17
3249 3250 156
3250 3251 15
3251 3253 66
3251 3252 75
3253 3254 122
3255 3256 103
3256 3841 34
3257 4009 59
3257 3258 41
3259 4005 59
3259 3260 56
3261 3262 54
3262 4010 24
3263 3264 51
3264 4006 44
3264 3988 68
3266 4644 23
3266 3496 85
3267 4300 22
3267 5041 15
3268 4075 228
3271 3272 58
3275 3276 15
3276 4031 81
3278 3279 71
3279 4000 64
3281 3282 116
3284 3285 15
3284 3286 12
3289 4044 93
3290 4022 106
3290 4044 45
3291 3479 17
3292 3293 62
3293 4789 259
3294 3295 113
3296 3297 60
3299 5243 294
3299 4516 312
3299 5188 428
3300 5397 2
3301 3302 15
3305 4716 49
3306 3307 64
3307 3308 39
3307 4711 86
3309 3310 12
3310 3311 16
3311 5424 18
3312 4895 106
3312 4894 36
3313 3685 133
3313 4556 48
3314 4558 72
3314 4557 43
3315 5147 4
3316 5147 68
3317 3318 8
3318 3319 11
3321 4881 82
3323 3493 13
3324 5195 5
3325 3326 10
3325 5164 17
3325 5167 3
3326 3335 6
3326 3336 8
3327 5166 12
3328 5163 10
3328 5140 4
3328 5162 3
3328 3331 12
3329 3337 7
3329 3333 5
3330 3332 27
3330 4292 15
3330 5149 8
3331 3333 9
3331 3334 33
3332 5168 4
3332 3336 12
3333 5162 10
3334 3335 7
3334 5166 11
3336 5167 11
3337 5149 4
3339 3340 82
3341 3342 42
3342 3344 76
3343 3344 74
3345 3346 91
3347 3348 61
3349 3350 42
3350 5474 6
3351 4933 45
3352 4933 30
3353 4229 8
3353 3354 144
3354 5625 10
3354 4567 169
3355 3356 147
3355 4063 46
3356 4118 169
3357 4228 74
3357 3359 5
3358 3359 20
3359 4229 75
3360 3363 29
3361 3362 86
3362 3390 6
3363 3364 4
3363 3388 28
3365 3366 40
3367 3371 52
3368 3369 1
3368 3371 31
3370 3371 4
3372 3373 43
3375 3377 13
3375 3376 31
3379 3384 6
3381 3384 8
3381 3382 13
3383 3384 9
3385 3386 23
3386 5618 13
3387 3388 18
3389 3390 84
3391 5072 131
3392 3393 6
3394 3395 40
3395 3404 5
3395 3402 21
3396 3402 9
3397 3399 65
3398 3399 10
3399 3403 2
3400 3401 16
3403 3404 21
3405 3406 49
3406 3408 34
3407 3408 68
3409 3410 39
3410 3845 114
3411 3412 39
3413 3414 50
3415 3416 47
3416 3417 320
3418 3419 78
3419 4474 406
3420 3421 41
3422 3424 44
3422 3423 60
3424 3425 34
3426 3427 20
3427 3429 16
3427 3441 44
3428 3429 23
3429 3431 15
3430 3431 25
3431 3442 68
3432 3440 48
3433 3434 5
3434 3440 39
3434 3438 12
3434 3437 13
3435 3438 13
3436 3437 21
3437 3438 4
3439 3440 19
3442 3444 10
3442 3443 16
3444 3445 17
3446 3447 45
3447 3511 221
3447 3448 21
3448 4630 40
3448 3449 35
3450 3452 14
3450 3451 18
3451 3454 20
3451 3452 12
3453 3454 6
3455 3456 55
3457 3462 112
3457 3460 60
3458 3460 39
3459 3460 21
3461 3511 210
3461 3462 83
3463 3464 63
3465 3466 21
3467 3468 20
3469 3470 82
3470 3471 12
3470 3472 70
3474 4246 102
3474 3475 28
3476 3477 10
3478 4698 67
3480 3481 34
3482 3483 14
3484 3485 43
3485 3488 5
3485 3489 20
3485 3490 34
3486 3487 12
3487 3490 34
3490 3491 8
3492 5258 12
3493 3494 19
3493 3495 24
3494 3496 6
3494 3495 15
3498 3499 11
3498 4445 44
3499 3500 75
3499 4443 40
3502 3503 6
3504 3505 20
3506 3507 20
3508 3509 120
3509 4312 88
3510 3511 33
3512 3513 50
3513 3849 8
3514 3519 1
3515 3518 3
3515 3516 4
3515 3519 3
3516 3517 2
3520 3521 16
3521 3524 13
3523 3524 24
3525 4224 63
3525 4263 73
3525 5620 102
3526 5433 11
3526 3527 6
3526 3528 4
3526 4239 65
3527 5629 103
3528 4262 6
3528 4240 66
3530 3538 13
3531 3532 65
3533 3534 28
3535 3537 4
3536 3537 48
3538 3539 9
3539 3540 11
3543 3545 32
3543 3544 122
3544 3545 154
3548 3972 50
3548 3549 101
3548 3550 92
3548 3557 106
3550 4353 9
3550 3972 75
3551 3555 9
3552 3553 131
3553 3555 130
3553 3972 351
3554 3555 200
3556 3557 102
3559 3560 230
3560 4368 23
3561 4368 87
3561 3813 21
3562 4367 75
3568 3569 95
3568 4517 583
3568 3585 132
3569 3586 161
3570 4338 61
3572 3577 8
3572 3573 23
3574 3577 9
3574 5414 278
3575 3576 15
3575 5409 7
3576 5410 8
3580 4518 174
3580 3581 38
3580 3582 40
3582 4520 47
3582 4519 28
3583 4517 57
3583 4523 110
3583 4521 34
3584 3585 218
3585 4530 143
3586 4524 333
3586 3590 228
3587 4528 40
3587 3588 68
3587 4525 54
3588 3590 29
3588 4526 65
3589 3590 151
3594 4313 42
3594 4326 34
3595 4326 105
3595 4327 104
3596 4313 22
3596 4314 205
3597 3598 54
3598 4395 62
3598 3599 63
3600 4511 14
3600 4337 216
3602 4441 63
3602 3648 47
3603 3607 55
3604 3605 41
3604 4437 144
3604 4439 55
3605 3607 244
3605 4438 32
3606 3647 54
3607 3647 31
3608 3612 11
3608 4427 169
3608 4428 22
3609 4433 65
3609 3616 256
3609 3610 25
3609 3611 32
3611 4428 37
3611 3612 43
3612 4429 52
3612 3613 36
3613 4433 67
3613 4429 52
3613 3614 46
3615 4428 75
3616 3620 152
3617 3628 56
3618 4435 93
3618 3622 80
3618 3627 31
3618 3628 43
3619 3623 72
3619 3622 53
3619 3620 109
3620 3649 116
3621 3626 75
3622 3626 62
3622 3623 35
3623 3624 19
3623 3628 85
3624 3629 107
3624 3625 48
3625 3634 29
3625 3644 100
3626 3627 71
3627 4434 53
3627 4436 42
3628 3629 44
3629 3630 30
3630 3662 3
3630 3650 17
3631 3652 9
3632 3662 191
3632 3652 36
3632 4403 188
3633 3635 122
3634 3635 158
3634 3649 119
3635 3638 30
3636 3641 119
3636 3667 13
3636 3661 84
3637 3649 121
3637 4418 103
3637 3638 61
3638 4418 70
3638 3639 91
3639 3661 21
3639 3660 83
3640 3643 36
3642 3643 17
3643 3644 70
3644 3650 22
3645 4403 28
3645 3646 101
3645 4419 42
3646 3664 22
3646 3665 13
3647 3648 119
3648 3649 76
3650 3663 29
3651 4414 120
3651 4412 83
3651 3656 79
3652 4404 140
3653 4413 7
3653 4412 3
3653 3655 28
3654 4410 231
3654 4408 215
3654 3655 77
3655 4413 28
3656 4416 25
3656 4417 29
3657 4417 137
3658 3659 49
3659 4402 130
3659 4426 51
3659 3660 59
3660 4425 52
3661 4424 105
3662 3663 24
3663 3664 25
3664 3665 17
3665 3666 138
3666 3667 13
3666 4423 14
3667 4423 12
3668 3669 109
3669 4513 65
3669 4512 194
3670 4543 341
3671 3672 179
3672 3673 8
3673 3676 328
3674 4282 10
3677 3681 40
3677 3678 182
3679 3680 356
3682 4539 237
3683 3684 17
3686 3687 10
3687 4975 12
3687 3688 355
3687 4287 34
3689 4540 193
3690 4540 19
3690 4539 439
3691 3692 100
3692 3696 68
3692 3693 76
3694 3697 52
3695 3696 45
3696 3697 86
3697 3727 21
3698 3724 67
3698 3700 117
3699 3700 26
3700 3701 28
3701 3705 84
3701 3704 121
3702 3703 79
3702 3705 73
3702 3706 39
3705 3714 16
3707 4452 4
3707 4454 4
3707 4455 191
3708 4452 69
3708 3726 148
3708 4471 25
3709 4461 93
3709 4462 85
3709 3710 104
3710 3713 121
3711 4457 36
3711 4456 86
3712 3713 33
3712 3717 36
3712 4456 34
3713 3725 85
3714 3726 85
3715 3719 56
3715 3724 98
3715 3725 10
3716 4459 140
3717 3718 13
3717 4456 56
3718 4460 50
3718 3719 16
3720 3721 56
3722 4474 206
3722 4473 78
3723 4458 12
3725 3726 106
3728 4469 32
3728 4470 58
3729 3730 145
3729 3731 119
3729 4400 302
3731 4399 134
3731 4401 43
3732 4399 18
3732 4398 69
3733 4399 270
3734 3803 4
3735 3803 159
3736 3737 38
3737 3738 200
3738 5253 15
3739 5253 8
3739 5252 154
3743 3744 55
3745 3746 39
3747 3748 102
3750 3753 53
3754 3756 35
3754 4962 27
3754 3755 74
3755 3756 72
3757 3758 28
3759 3760 80
3761 3762 35
3762 3763 53
3762 3764 91
3765 3766 46
3766 3767 25
3769 3774 32
3769 3771 14
3769 3770 59
3771 3772 47
3773 3774 86
3775 3839 83
3776 3777 95
3778 3779 16
3778 3780 43
3781 3782 29
3782 4590 5
3782 4591 78
3785 3802 87
3785 4569 52
3787 3797 16
3787 5434 140
3787 3788 86
3788 3791 209
3788 3789 6
3789 3792 122
3789 3798 18
3790 3911 11
3790 3791 10
3790 3792 88
3791 3911 13
3792 3793 50
3793 4568 112
3793 3801 17
3794 3800 104
3794 3795 55
3794 5435 111
3796 3797 13
3797 3798 106
3798 3799 116
3799 3801 45
3799 3800 39
3800 3801 27
3804 3805 31
3806 5656 99
3807 3981 23
3808 5654 7
3808 5653 9
3809 3961 45
3809 3956 185
3809 3962 56
3810 4491 184
3810 3811 119
3814 4299 53
3815 4124 240
3816 4376 281
3817 3864 42
3817 5287 186
3817 4785 83
3818 3819 71
3820 3821 57
3820 3822 43
3820 3824 19
3822 4848 54
3822 3823 19
3826 3827 46
3829 3830 89
3831 3832 63
3833 5067 114
3834 3837 60
3834 3835 131
3834 3836 74
3837 3839 26
3837 3838 194
3839 3840 74
3842 3843 10
3842 3844 12
3843 3844 10
3845 3846 147
3848 3849 135
3849 3856 67
3850 3852 41
3851 3854 34
3851 3857 45
3852 3853 25
3853 3857 89
3854 3855 94
3854 3857 26
3858 3859 34
3860 3861 41
3863 3864 39
3864 3865 1
3866 3876 0
3867 3868 10
3869 5429 55
3869 3944 6
3870 3944 56
3871 4144 7
3871 4146 26
3872 4144 57
3875 3883 48
3875 5005 4
3876 3880 2
3876 3879 13
3877 3878 31
3877 3887 23
3877 4997 2
3877 3882 30
3878 5003 2
3878 3882 4
3879 3887 40
3879 3885 11
3881 3882 12
3883 3884 34
3883 5003 4
3884 4997 4
3885 4136 9
3885 4994 1
3886 3952 5
3887 5007 2
3888 3890 324
3889 5002 1
3889 3891 63
3889 3890 74
3890 5009 1
3891 4138 3
3891 5000 1
3892 4946 4
3892 3893 139
3894 5008 3
3894 4150 103
3895 5225 13
3897 3898 17
3899 3900 39
3901 3901 0
3902 4294 47
3902 3903 22
3904 3905 20
3906 3907 48
3908 3910 14
3909 5238 1
3909 5237 9
3910 3965 2
3910 5238 11
3914 3916 54
3915 3916 22
3916 3917 20
3919 3920 17
3919 3921 43
3919 3922 27
3921 3994 27
3924 3925 37
3926 3927 6
3927 3928 6
3929 3931 7
3930 3931 4
3930 3933 9
3932 3933 6
3934 3935 19
3936 3937 40
3937 4967 4
3937 4970 10
3939 3940 89
3940 3941 61
3942 3943 32
3943 5199 69
3944 3946 12
3944 5427 55
3946 4943 14
3947 3951 6
3948 3951 44
3949 3952 34
3949 3950 24
3950 3951 3
3955 4280 2
3959 3960 59
3962 3963 59
3964 3970 2
3965 3966 2
3965 3970 8
3967 5237 21
3967 3968 7
3967 3969 6
3970 3971 7
3973 5107 3
3974 5107 41
3983 3984 25
3983 3986 12
3984 3985 11
3985 3986 25
3985 3987 1
3986 3988 46
3988 3989 118
3989 3990 45
3989 4655 176
3991 3992 28
3992 4561 12
3993 3994 94
3995 3996 35
3997 3998 29
3998 3999 55
3998 4000 14
4001 4022 96
4001 4002 34
4004 4005 33
4005 4006 3
4006 4007 57
4008 4009 72
4009 4010 34
4010 4011 59
4012 4013 73
4014 4016 16
4015 4016 15
4015 4017 10
4017 4020 6
4018 4019 41
4019 4020 5
4020 4021 92
4022 4023 62
4024 4025 39
4026 4027 27
4027 4028 7
4028 4029 19
4029 4030 31
4032 4033 23
4034 4644 36
4034 4655 100
4034 4035 91
4036 4037 25
4037 4038 67
4039 4650 7
4039 4040 27
4041 4042 49
4042 4650 24
4043 4044 83
4045 4046 96
4047 4048 72
4048 4050 17
4050 4051 99
4052 4053 52
4053 4054 19
4054 4055 150
4057 4058 40
4058 4059 26
4062 5626 113
4062 4063 167
4063 5631 254
4064 4065 31
4065 4237 32
4066 4231 7
4066 4067 96
4068 4220 47
4069 4070 21
4069 4071 30
4069 4072 24
4074 4075 105
4078 4079 21
4082 4083 55
4084 4085 56
4086 4088 43
4087 4088 33
4089 4120 42
4090 5645 22
4091 4093 35
4091 5644 3
4091 4119 31
4092 5644 44
4093 5643 2
4093 4095 39
4094 5643 49
4095 5642 3
4095 4099 54
4096 5642 67
4097 5640 3
4097 4099 37
4098 5640 54
4099 5641 2
4100 5641 31
4101 4102 44
4104 4105 77
4104 5630 15
4108 4112 53
4108 4109 33
4111 4112 47
4112 5635 76
4113 4114 41
4115 4116 43
4116 4117 29
4116 4118 27
4119 5645 3
4119 4120 12
4123 4124 5
4125 4139 48
4125 4130 61
4126 4127 14
4126 4139 11
4128 4129 131
4128 4138 102
4129 4130 104
4131 4132 115
4133 4137 89
4133 4141 17
4134 4135 97
4134 4136 38
4135 4137 112
4136 4994 9
4138 5000 3
4140 5287 21
4140 4143 80
4141 5292 52
4142 4143 20
4144 4145 107
4147 4151 30
4148 4151 18
4149 4999 9
4150 4999 2
4150 4151 19
4153 4287 15
4156 4157 78
4157 4158 12
4159 4160 17
4160 4162 9
4160 4161 25
4162 4990 6
4164 4165 24
4167 4168 48
4169 4171 63
4170 4171 11
4173 4175 16
4174 4175 21
4176 4177 12
4178 4179 12
4182 5461 14
4182 4183 4
4182 4184 45
4183 5462 14
4185 4202 10
4186 4201 10
4187 4205 12
4188 4204 10
4189 4190 13
4190 4207 36
4190 4199 23
4191 4209 23
4191 4196 42
4191 4193 38
4192 4196 5
4192 4195 24
4192 4193 21
4193 4194 5
4195 4197 62
4195 4201 18
4196 4202 15
4197 4207 3
4197 4198 15
4198 4199 37
4198 4200 60
4199 4206 81
4200 4201 4
4200 4206 48
4201 4202 36
4202 4203 19
4204 4205 88
4204 4209 28
4205 4206 19
4207 4208 12
4210 4211 139
4210 5432 18
4210 4244 63
4211 4243 14
4211 4278 37
4212 4243 102
4214 4218 44
4215 4218 80
4216 4217 45
4216 4265 20
4218 4219 42
4220 4221 93
4223 4224 5
4224 4240 76
4224 4225 56
4226 4249 4
4226 5626 5
4227 5626 189
4228 4229 5
4229 4230 32
4231 4289 11
4231 4232 25
4232 4233 43
4232 4256 68
4234 4235 60
4237 4289 67
4237 4238 67
4239 4240 6
4240 4241 7
4241 4242 30
4241 4243 84
4245 5430 132
4245 4246 51
4247 4249 4
4247 5622 5
4248 5622 24
4249 5621 5
4250 5621 154
4252 4254 34
4252 4253 25
4254 4255 31
4257 4276 90
4258 4261 51
4258 4259 11
4259 4260 48
4259 4261 52
4263 4265 5
4263 4264 51
4265 4266 44
4267 4268 38
4270 4271 16
4270 4272 31
4271 4272 29
4275 4275 0
4276 4277 132
4277 4288 33
4277 4278 33
4279 4520 691
4279 4513 346
4280 4281 61
4281 5118 651
4282 4283 10
4282 4534 14
4284 4285 11
4284 4298 14
4284 4534 9
4285 4295 13
4285 4286 9
4287 4974 13
4289 4290 16
4291 5195 24
4292 5169 4
4292 5148 4
4295 4298 6
4295 4297 18
4296 4971 20
4296 4297 6
4297 4298 17
4300 5034 117
4303 4389 41
4303 4305 49
4304 4305 155
4305 4306 16
4306 4389 63
4306 4307 33
4307 4308 38
4309 4310 77
4311 4312 73
4315 4317 43
4316 4317 132
4318 4323 160
4318 4319 37
4320 4322 53
4321 4322 78
4322 4323 116
4324 4328 52
4325 4326 92
4327 4328 33
4327 4385 28
4328 4385 36
4329 4347 254
4329 4336 251
4330 4337 112
4330 4331 20
4331 4333 11
4332 4509 22
4333 4509 31
4333 4508 23
4334 4508 25
4335 4336 80
4336 4502 73
4337 4510 20
4339 4340 111
4340 4378 110
4341 4342 80
4347 4348 22
4348 4350 44
4349 4350 39
4350 4775 17
4352 4353 119
4353 4748 240
4355 4356 58
4356 4357 26
4357 5084 108
4357 4358 58
4359 4360 15
4361 4364 39
4362 4364 14
4363 4364 43
4365 5232 78
4365 5231 29
4369 4370 130
4373 4531 60
4374 4375 55
4375 4376 21
4380 4381 46
4382 4384 57
4383 4384 23
4384 4385 65
4387 4388 101
4394 4395 37
4395 4396 47
4395 4397 25
4402 4424 15
4403 4407 43
4404 4405 84
4408 4413 135
4409 4424 39
4411 4415 119
4412 4414 88
4414 4415 78
4416 4417 12
4418 4448 136
4420 4422 37
4421 4422 59
4422 4423 28
4426 4448 49
4429 4431 176
4430 4431 163
4432 4433 47
4440 4441 38
4442 4444 155
4443 4446 6
4443 4444 41
4444 4445 21
4445 4450 228
4447 4451 51
4448 4449 33
4449 4450 60
4449 4451 27
4450 4451 38
4452 4471 65
4453 4454 33
4458 4459 18
4459 4463 66
4460 4463 118
4461 4462 16
4463 4464 112
4464 4466 5
4466 4467 82
4467 4470 62
4467 4468 38
4469 4470 28
4471 4472 76
4475 4477 82
4476 4481 11
4478 4485 90
4478 4480 37
4480 4481 74
4481 4482 295
4482 4483 173
4485 4486 68
4487 4488 328
4488 4490 41
4488 4489 339
4491 4492 82
4495 4496 47
4496 4503 200
4497 4499 36
4497 4501 120
4497 4498 153
4500 4501 140
4501 4504 23
4503 4504 248
4505 4506 62
4506 4511 154
4508 4509 19
4512 4516 104
4515 4516 463
4517 4521 68
4519 4521 40
4519 4520 65
4522 4523 17
4527 4528 28
4528 4529 41
4532 4533 29
4534 4971 37
4536 4537 1
4540 4541 76
4542 4543 66
4543 4545 114
4544 4545 178
4547 4548 43
4549 4550 23
4550 4554 63
4550 4551 31
4552 4554 7
4553 4558 129
4553 4554 48
4555 4556 19
4556 4557 6
4557 4558 29
4560 5217 9
4560 4562 12
4561 5216 33
4561 5212 60
4562 5219 4
4563 5208 4
4563 5217 4
4564 5216 4
4564 5209 4
4565 5211 5
4565 5212 3
4567 5617 1
4572 5290 4
4573 5011 24
4573 5290 131
4573 5012 25
4574 4935 5
4576 4600 89
4577 4578 128
4579 4580 103
4580 4689 298
4580 5025 50
4581 5070 49
4582 5070 5
4584 5047 4
4584 4793 13
4585 4586 69
4586 5047 87
4586 4671 168
4589 4590 59
4590 4680 4
4591 4664 28
4591 4592 50
4594 4595 134
4596 4597 110
4597 4608 33
4598 4599 18
4599 4602 32
4599 4600 79
4601 4602 49
4602 4606 34
4603 4604 69
4604 4606 19
4604 5090 577
4605 4606 56
4607 4608 39
4608 4616 35
4609 4613 5
4609 4610 30
4611 4613 37
4612 4613 104
4614 4615 67
4615 4621 65
4616 4617 21
4616 4619 21
4618 4619 86
4619 4623 36
4620 4621 37
4621 4625 13
4622 4623 70
4623 4625 7
4624 4625 50
4626 4627 70
4629 4630 54
4631 4632 85
4634 4639 52
4634 4637 4
4634 5044 4
4635 5044 13
4636 5085 27
4637 5085 4
4638 5043 49
4639 5043 4
4641 4642 90
4643 4644 53
4645 4646 24
4646 5034 31
4647 4648 49
4649 4650 36
4651 4696 19
4651 4693 9
4651 4685 23
4652 4686 23
4654 4655 76
4656 4657 36
4659 4660 55
4661 5042 15
4662 5042 4
4662 4672 19
4662 5293 60
4663 4664 28
4664 4669 40
4665 4669 30
4667 4668 35
4669 5040 42
4670 4671 20
4671 4672 4
4671 5025 182
4673 4674 24
4674 4676 26
4675 4676 28
4676 4678 23
4677 4678 23
4678 4679 24
4679 4679 0
4680 4682 70
4680 4681 95
4683 5051 4
4684 5051 108
4687 4691 55
4688 4689 82
4689 4691 45
4690 4691 56
4692 4693 62
4693 4694 33
4694 4695 52
4696 5074 523
4696 4697 56
4699 4700 5
4700 4826 138
4701 4702 35
4703 4826 55
4703 4827 99
4703 4831 40
4704 4705 30
4705 4707 66
4706 4707 61
4707 4708 45
4709 4710 16
4711 4927 99
4714 4715 68
4716 4717 77
4718 4719 48
4721 4722 146
4722 5132 51
4723 4724 29
4723 5083 33
4723 4725 87
4726 5080 144
4727 4729 7
4727 5080 4
4727 5095 130
4728 4731 5
4728 4732 29
4728 5081 28
4729 4730 27
4729 5081 4
4730 4736 18
4730 4731 4
4731 5081 28
4731 5082 18
4733 4735 20
4734 4735 56
4735 5082 18
4736 5082 4
4737 4799 24
4737 5076 4
4738 5076 54
4739 5078 99
4740 5078 4
4741 5077 45
4742 4743 46
4743 4744 15
4744 4747 35
4744 4745 76
4746 4747 56
4748 4749 28
4750 4751 26
4751 4752 34
4751 4753 26
4754 4991 19
4755 4991 7
4756 4757 52
4757 4759 52
4758 4759 23
4760 4761 83
4765 4766 126
4767 4769 13
4768 4769 39
4769 4770 23
4770 5013 6
4770 4783 156
4771 4772 41
4773 4774 6
4774 4775 12
4777 4778 58
4779 4780 46
4780 4781 10
4782 4783 24
4784 4785 51
4785 5288 117
4786 4787 31
4787 4791 34
4788 4789 73
4790 4791 27
4792 5047 64
4793 5055 4
4794 5055 69
4795 5108 49
4796 5109 20
4797 5109 3
4798 4800 34
4799 4803 33
4799 5098 4
4800 5098 4
4800 4801 16
4802 5097 68
4803 5097 4
4807 4808 16
4807 4809 16
4810 4811 23
4813 4815 40
4814 4815 26
4815 4816 4
4816 4817 27
4817 4818 14
4818 4819 13
4818 4820 13
4822 4823 51
4828 4829 54
4829 4831 38
4830 4831 23
4832 4841 15
4832 4833 55
4834 4835 42
4835 4841 5
4836 4837 26
4837 4839 14
4837 4841 114
4838 4839 25
4839 4840 35
4842 4844 13
4843 4844 13
4844 4845 53
4846 4847 84
4849 4850 52
4849 5102 161
4852 5187 5
4853 5187 17
4854 5187 6
4854 5188 1
4854 4855 70
4856 5190 51
4857 5191 69
4858 5191 6
4858 5190 6
4859 4860 23
4860 4865 24
4860 4861 12
4861 4862 31
4863 4865 16
4864 4865 24
4866 4867 19
4867 4869 24
4868 4869 73
4870 4871 39
4871 4873 58
4872 4873 28
4874 4875 20
4876 4877 89
4879 4880 23
4881 4882 6
4881 5134 46
4881 5113 77
4882 4884 14
4883 5059 25
4884 5059 4
4885 4886 29
4888 5112 35
4889 4891 8
4889 5112 4
4890 5114 44
4891 5114 4
4892 4893 166
4898 4932 63
4898 4899 39
4900 4901 62
4900 4932 174
4902 4903 24
4904 4916 98
4906 4914 42
4907 5449 4
4908 5449 74
4909 4910 126
4911 4913 18
4911 4912 29
4913 5448 29
4915 5450 51
4915 5451 53
4916 4917 16
4917 5451 4
4917 4920 13
4918 5451 36
4919 5452 73
4920 5452 4
4921 5453 56
4925 4929 9
4925 4926 58
4927 4929 23
4927 4928 36
4929 4930 33
4931 4932 21
4934 4935 12
4935 5011 9
4936 4937 15
4938 4939 43
4939 4940 62
4941 4942 377
4943 4947 46
4944 5220 119
4945 5200 108
4945 4948 47
4951 4952 30
4952 4953 15
4953 4954 47
4953 4956 30
4955 4956 30
4957 4958 42
4958 5152 16
4959 5154 56
4960 5154 5
4960 5157 71
4963 4964 12
4965 4966 9
4965 4969 3
4966 4967 27
4966 4968 3
4966 4970 31
4973 4993 7
4975 4976 5
4977 4984 23
4978 4982 3
4979 4981 0
4980 4982 17
4980 4984 30
4980 4986 9
4981 4984 16
4981 4986 29
4982 4983 11
4985 4986 0
4987 4988 8
4988 4989 54
4990 5004 54
4992 4999 48
4992 4993 21
4993 5004 18
4994 5007 52
4995 5001 28
4995 4996 169
4997 5007 23
4997 5003 32
4998 5005 27
4999 5008 103
5000 5002 63
5002 5009 73
5003 5005 49
5006 5008 112
5006 5223 11
5009 5221 168
5010 5011 21
5013 5014 17
5015 5610 4
5015 5611 5
5016 5221 7
5016 5222 7
5017 5135 4
5017 5122 4
5018 5248 4
5018 5247 5
5019 5141 98
5019 5142 44
5020 5093 5
5020 5125 4
5021 5064 4
5021 5065 3
5022 5105 3
5022 5104 60
5023 5091 5
5023 5073 4
5024 5037 4
5024 5038 4
5025 5036 4
5026 5027 49
5028 5029 5
5029 5030 210
5031 5039 129
5031 5034 53
5032 5038 281
5032 5033 65
5035 5036 10
5036 5037 158
5037 5039 117
5038 5042 309
5040 5056 129
5040 5042 112
5043 5044 51
5043 5100 302
5044 5067 150
5045 5089 85
5045 5091 62
5046 5071 40
5046 5072 13
5047 5074 633
5048 5049 60
5048 5090 298
5049 5050 59
5050 5051 43
5051 5052 62
5052 5053 22
5053 5054 20
5054 5055 39
5055 5056 27
5057 5115 8
5057 5111 68
5057 5116 69
5058 5059 32
5058 5092 40
5059 5060 31
5060 5061 60
5061 5062 15
5062 5115 7
5062 5063 47
5063 5065 82
5064 5110 36
5064 5111 51
5065 5066 55
5066 5102 164
5067 5068 104
5068 5069 416
5069 5070 53
5070 5071 94
5072 5073 49
5073 5074 70
5075 5076 68
5075 5112 277
5076 5077 26
5077 5078 17
5078 5079 22
5079 5094 10
5080 5081 7
5080 5094 130
5082 5083 8
5083 5084 296
5084 5085 65
5085 5086 252
5086 5087 336
5087 5088 75
5088 5089 101
5090 5091 118
5092 5133 60
5093 5118 15
5093 5119 28
5094 5095 4
5095 5096 4
5096 5099 11
5096 5100 192
5097 5098 33
5097 5116 228
5098 5099 89
5101 5129 4
5101 5131 4
5102 5105 212
5103 5105 69
5107 5108 52
5108 5109 29
5109 5110 79
5110 5111 72
5112 5114 7
5113 5114 31
5117 5147 105
5117 5118 53
5119 5120 37
5120 5121 31
5121 5130 113
5122 5151 111
5122 5123 94
5123 5124 71
5125 5126 47
5126 5127 38
5127 5128 23
5128 5132 118
5129 5132 18
5129 5133 53
5130 5131 32
5131 5134 147
5135 5144 10
5135 5145 52
5136 5178 13
5136 5161 29
5137 5178 48
5137 5138 234
5138 5139 80
5139 5140 46
5139 5166 4
5140 5141 82
5142 5143 41
5143 5144 49
5145 5146 25
5146 5147 24
5148 5170 5
5148 5149 12
5150 5151 216
5150 5162 3
5152 5176 245
5152 5153 43
5153 5157 5
5153 5154 71
5154 5155 29
5155 5156 34
5156 5158 63
5157 5182 5
5157 5418 9
5158 5159 61
5159 5160 27
5160 5161 23
5162 5163 10
5164 5165 135
5165 5191 67
5167 5168 25
5168 5169 41
5169 5195 35
5170 5194 84
5171 5173 5
5171 5180 5
5172 5173 18
5172 5174 42
5172 5193 49
5173 5174 24
5174 5175 39
5175 5176 48
5177 5185 5
5177 5178 7
5179 5180 209
5180 5181 91
5182 5419 9
5182 5183 94
5183 5184 212
5184 5185 48
5185 5186 39
5186 5187 42
5188 5189 57
5189 5190 13
5190 5191 2
5192 5193 171
5194 5196 95
5195 5202 128
5196 5197 44
5197 5647 46
5197 5198 90
5199 5202 134
5200 5211 212
5203 5204 2
5205 5206 135
5207 5208 109
5208 5209 6
5209 5210 59
5210 5211 27
5212 5213 25
5213 5214 214
5216 5219 6
5217 5220 197
5218 5219 90
5222 5225 260
5223 5224 7
5224 5225 8
5227 5229 20
5228 5229 13
5229 5230 14
5231 5234 93
5233 5234 55
5233 5236 76
5235 5236 49
5239 5240 18
5240 5240 0
5241 5242 21
5244 5261 189
5244 5245 20
5246 5247 37
5246 5269 88
5247 5260 129
5248 5249 58
5250 5256 13
5250 5257 76
5251 5252 59
5254 5259 195
5255 5290 16
5256 5291 128
5257 5291 189
5258 5259 21
5261 5274 94
5262 5268 13
5262 5269 100
5263 5376 385
5263 5378 60
5264 5265 14
5264 5377 4
5265 5266 62
5266 5267 20
5267 5268 154
5270 5274 14
5271 5379 51
5272 5279 145
5275 5278 65
5276 5523 28
5276 5524 3
5276 5279 43
5277 5278 74
5280 5476 36
5281 5282 63
5282 5283 32
5283 5284 15
5284 5286 4
5285 5286 11
5287 5288 95
5288 5289 29
5289 5290 43
5291 5292 27
5293 5294 65
5297 5298 30
5298 5301 69
5298 5299 34
5300 5301 23
5301 5303 15
5302 5303 31
5303 5599 25
5304 5600 19
5305 5600 3
5306 5601 19
5307 5601 4
5307 5352 24
5308 5361 15
5308 5602 5
5309 5602 17
5310 5312 4
5311 5312 12
5311 5316 43
5312 5313 3
5313 5315 4
5313 5314 9
5316 5318 6
5317 5318 24
5318 5319 15
5320 5588 6
5321 5323 15
5321 5588 4
5322 5589 12
5323 5329 22
5323 5589 3
5324 5325 8
5325 5591 7
5325 5326 40
5326 5327 15
5326 5592 18
5328 5592 4
5329 5583 10
5329 5590 3
5330 5590 50
5331 5332 124
5334 5615 31
5335 5336 5
5335 5615 4
5335 5339 17
5336 5614 4
5337 5614 66
5337 5660 15
5337 5662 59
5338 5595 33
5339 5347 3
5339 5595 4
5340 5596 36
5341 5596 4
5341 5347 25
5342 5573 69
5343 5345 2
5343 5573 6
5344 5598 36
5345 5598 4
5346 5616 38
5347 5616 4
5348 5349 31
5349 5574 25
5350 5361 1
5350 5362 4
5350 5603 5
5351 5603 4
5352 5577 3
5353 5577 28
5354 5355 13
5355 5358 10
5355 5578 10
5356 5358 1
5356 5357 20
5358 5359 22
5360 5579 9
5361 5579 3
5362 5367 15
5362 5580 3
5363 5580 44
5364 5581 16
5365 5367 9
5365 5581 3
5365 5368 17
5366 5604 5
5367 5604 5
5368 5607 5
5369 5607 29
5371 5372 124
5372 5373 226
5373 5374 57
5374 5375 219
5375 5376 24
5378 5379 27
5380 5381 87
5380 5384 49
5382 5383 17
5382 5386 5
5383 5385 6
5384 5385 20
5384 5386 16
5385 5386 16
5386 5387 74
5387 5389 12
5387 5388 5
5391 5656 38
5391 5658 5
5393 5394 25
5394 5396 79
5395 5396 108
5397 5398 165
5399 5400 24
5400 5401 22
5401 5402 44
5402 5403 24
5404 5405 61
5406 5407 28
5406 5408 27
5407 5408 19
5407 5409 49
5408 5410 42
5409 5410 12
5411 5414 18
5412 5413 77
5415 5416 45
5418 5419 5
5419 5420 75
5421 5424 9
5422 5425 10
5423 5426 9
5424 5425 38
5427 5428 41
5427 5429 6
5430 5431 17
5430 5432 16
5431 5433 15
5432 5433 25
5436 5443 8
5436 5437 10
5436 5444 14
5436 5438 11
5439 5463 4
5439 5466 16
5439 5444 4
5441 5552 61
5441 5467 101
5442 5544 33
5443 5444 11
5443 5456 25
5445 5566 293
5445 5446 109
5446 5447 6
5447 5448 143
5448 5449 25
5449 5450 17
5451 5452 13
5452 5453 39
5453 5473 40
5454 5457 19
5455 5500 2
5455 5497 12
5455 5456 7
5456 5458 28
5456 5457 29
5457 5458 13
5458 5459 4
5459 5492 4
5459 5497 15
5460 5461 60
5461 5462 4
5463 5464 4
5463 5500 28
5464 5499 28
5464 5465 20
5465 5466 4
5467 5480 4
5467 5468 5
5467 5470 28
5468 5470 29
5468 5471 37
5469 5470 4
5469 5480 27
5470 5547 43
5472 5473 11
5473 5476 3
5473 5474 4
5474 5477 4
5475 5476 18
5476 5477 4
5478 5479 16
5479 5480 4
5481 5482 20
5482 5485 16
5482 5483 4
5483 5548 3
5484 5485 30
5485 5488 4
5485 5486 4
5486 5551 4
5486 5489 4
5487 5488 36
5488 5489 4
5489 5542 23
5490 5491 18
5491 5496 20
5491 5492 4
5493 5494 9
5494 5495 10
5494 5496 9
5496 5497 4
5496 5499 15
5498 5499 29
5499 5500 7
5501 5502 10
5502 5503 5
5502 5505 8
5503 5506 3
5504 5505 18
5505 5514 15
5505 5506 7
5506 5513 17
5507 5508 16
5508 5510 13
5509 5510 23
5510 5512 38
5511 5512 44
5513 5516 16
5513 5514 6
5514 5515 80
5516 5518 61
5518 5519 5
5519 5520 37
5525 5526 23
5526 5527 4
5527 5531 8
5528 5529 12
5529 5532 19
5529 5533 8
5530 5531 21
5531 5533 5
5533 5535 23
5534 5535 26
5536 5537 19
5537 5539 22
5538 5539 42
5540 5541 13
5541 5544 10
5541 5542 4
5541 5550 32
5542 5545 10
5543 5544 19
5544 5545 4
5546 5547 15
5547 5550 7
5547 5548 4
5548 5551 7
5549 5550 55
5550 5551 4
5553 5554 30
5554 5555 96
5555 5556 35
5556 5557 41
5557 5558 28
5558 5559 25
5559 5560 59
5560 5561 18
5561 5562 86
5562 5563 70
5563 5564 41
5565 5566 136
5568 5569 3
5568 5571 12
5569 5570 4
5570 5572 2
5573 5616 73
5573 5574 39
5574 5575 18
5575 5576 42
5576 5577 28
5577 5578 30
5578 5579 22
5579 5580 5
5580 5581 24
5581 5605 37
5582 5586 7
5582 5583 3
5582 5585 23
5583 5584 3
5584 5590 11
5584 5591 5
5587 5588 23
5588 5589 15
5589 5590 22
5591 5592 51
5592 5593 33
5593 5594 81
5594 5595 66
5595 5596 28
5596 5597 37
5597 5598 14
5598 5599 23
5599 5600 54
5600 5601 27
5601 5602 60
5602 5603 16
5603 5604 19
5604 5607 27
5606 5607 20
5606 5610 18
5608 5610 17
5608 5609 19
5614 5615 7
5615 5616 21
5617 5618 74
5617 5619 131
5620 5621 36
5621 5622 5
5622 5623 75
5623 5624 19
5624 5625 61
5626 5627 98
5627 5628 65
5628 5629 72
5630 5631 79
5632 5633 187
5633 5634 133
5635 5636 115
5636 5637 76
5637 5638 102
5638 5639 37
5639 5640 4
5640 5641 37
5641 5642 54
5642 5643 38
5643 5644 36
5644 5645 31
5645 5646 14
5649 5650 54
5650 5652 10
5650 5655 26
5651 5652 202
5652 5653 25
5653 5654 11
5657 5666 450
5657 5658 38
5659 5661 9
5660 5661 14
5663 5664 78
5664 5665 17
