5667
0 1635 322
0 1631 71
0 2929 373
1 5 273
1 703 -32
1 1192 57
2 5 69
3 1158 82
3 7 227
3 4 467
4 6 189
4 2903 132
5 2903 91
6 3815 320
6 8 411
7 8 330
7 1267 403
8 1268 1914
9 10 225
10 113 234
10 112 688
11 5243 103
11 3909 325
11 1227 38
12 3684 693
12 4546 -123
13 4950 29
13 42 160
13 4559 822
14 4952 -292
14 15 45
14 3807 39
15 41 3
15 85 -58
16 85 432
16 41 479
16 17 764
17 37 1057
17 27 183
18 93 148
18 3303 384
19 94 157
19 2426 -221
20 2426 -187
20 21 -14
20 50 -127
21 3979 137
21 2533 322
21 3980 241
22 2534 63
22 23 43
22 3976 -188
23 806 284
23 3978 212
24 2535 1511
24 2536 43
24 3196 833
25 1844 -210
25 3680 342
25 1069 1580
26 1844 381
26 3671 409
26 3673 43
27 93 1075
28 4582 -102
28 5089 -7
28 2980 269
29 3188 -27
29 4977 -296
29 2561 154
30 2685 985
30 808 284
30 91 905
31 3784 333
31 2685 293
31 32 635
32 33 335
32 3374 -136
33 34 206
33 3783 -87
35 528 -135
35 3093 -137
35 2538 73
35 1244 -75
36 1226 130
36 4545 284
36 546 224
37 38 758
37 2634 590
38 5654 219
38 39 201
38 2636 242
40 3808 234
40 41 1390
40 43 362
42 3981 147
42 3807 24
43 5394 807
43 83 905
44 92 167
44 543 279
44 45 357
45 3078 12
45 4551 1259
46 84 506
47 48 241
47 82 320
48 49 -153
48 3912 7
49 82 649
50 94 313
50 99 220
51 2685 836
51 75 1425
51 3566 2052
52 53 108
52 3529 190
52 2990 55
53 2989 244
53 3529 560
54 352 22
54 1971 -106
54 2754 822
55 2894 325
56 1116 298
56 5236 35
56 3124 294
57 518 -305
57 1226 58
57 5239 21
58 1541 -91
58 2790 53
58 1200 -55
59 2822 -39
59 2894 93
59 3804 -165
60 5553 -143
60 1198 93
60 2795 -301
60 3019 -130
61 5446 120
61 688 26
61 686 326
62 2505 1307
62 830 51
62 938 74
63 3305 230
63 3216 183
63 5230 65
64 1105 -96
64 886 33
64 4345 187
65 5179 -186
65 878 21
65 109 -86
66 5226 133
66 109 80
66 67 273
67 68 -118
67 3068 -219
68 1517 -21
68 5226 58
68 1518 129
69 1519 230
69 4503 304
69 4347 36
70 1237 202
70 5015 168
70 1529 146
71 3206 172
71 107 -94
71 3096 56
72 113 1970
72 107 60
72 3095 398
73 79 225
73 3206 468
73 4780 69
74 3591 234
74 4397 284
75 3547 1076
75 76 276
76 77 170
76 3189 609
77 77 0
78 112 -157
78 784 1582
78 89 836
79 3181 -268
79 1162 -93
80 3290 -90
80 951 58
80 81 35
81 1777 195
81 4030 -196
82 84 127
83 3806 135
83 5391 -141
84 3217 -57
85 3981 316
85 4949 83
86 3759 -140
86 964 181
86 967 128
87 959 -115
87 2489 42
87 137 -21
88 3283 483
88 4397 148
88 3733 79
89 1223 383
89 1268 353
90 4538 102
90 3671 480
90 521 120
91 101 496
91 3188 367
92 3061 863
92 3063 790
92 1847 2503
92 543 1023
94 2426 -165
95 3566 -35
95 97 13
95 3545 -252
95 3565 -89
96 97 228
96 2687 121
96 3546 260
97 3565 22
98 4956 -197
98 3200 244
98 1846 2414
98 3179 -150
100 982 380
100 3140 -44
100 3301 -121
101 808 175
101 1065 51
102 4373 511
102 3569 160
102 1481 593
103 4376 207
103 1813 351
103 4375 443
104 3298 -17
104 1813 186
104 4373 855
105 3212 220
105 106 306
105 2497 312
106 3202 115
106 3205 -38
107 3096 217
108 990 -7
108 3095 185
108 5241 303
109 2723 -81
110 5175 -193
110 1102 4
110 1575 -267
111 1190 -304
111 1181 -143
111 1192 -196
112 848 435
113 1065 1397
114 4283 89
114 3094 194
114 4535 297
114 2569 397
115 524 336
115 527 376
115 526 297
116 3034 24
116 1395 125
116 1894 -137
117 120 80
117 1879 252
117 118 121
117 124 315
118 1875 36
118 1877 189
118 140 -137
119 1452 -224
119 1412 -281
119 1457 -221
120 3858 -102
120 1428 -60
120 1389 300
121 140 32
121 122 223
121 1420 303
122 1874 -222
122 1873 -88
123 1472 203
123 1441 241
123 827 383
123 1452 188
124 3861 53
124 3450 -240
124 827 107
124 1063 29
125 4281 340
126 5079 281
126 3256 233
126 4772 143
127 5099 75
127 5079 337
127 4740 25
127 5095 89
128 3831 378
128 5099 119
128 3828 371
129 3829 85
129 130 -69
129 3831 12
130 2414 28
130 5100 387
131 2762 258
132 5069 161
132 1215 174
132 2415 16
133 2764 28
134 5052 -75
134 4683 190
134 872 -10
135 3810 557
135 3811 484
135 4900 290
135 4903 296
136 5054 32
136 872 -106
136 4584 -90
137 959 21
137 2486 31
138 139 300
138 3957 108
138 970 304
139 3764 54
139 3958 -200
140 1420 289
140 3858 58
141 620 10
142 1432 -98
142 144 185
142 3047 130
143 1409 -18
143 3047 108
143 145 -87
144 150 -96
144 151 -265
145 146 20
145 3232 154
146 1443 121
146 151 -34
147 163 -54
147 148 -192
147 2831 -85
148 165 -3
148 161 201
149 1411 -133
149 2831 -111
149 374 -173
150 152 -10
150 1430 -267
150 1413 -228
151 2308 215
151 1430 -95
152 1430 -230
152 153 -114
153 1470 148
153 1945 252
154 3818 274
154 370 313
154 1945 364
155 2831 14
155 1449 87
155 1411 -12
155 164 55
156 164 45
156 1947 -43
156 157 93
157 373 84
157 1411 -83
158 160 -321
158 163 -57
158 1451 -214
159 1899 150
159 1269 120
159 303 295
160 161 385
160 305 428
161 1457 -178
161 163 -46
162 1371 328
162 1236 -1
162 1365 56
162 1893 73
163 1449 47
164 1451 -129
165 166 303
165 167 43
166 169 -132
166 1412 -322
166 168 -22
167 374 49
167 168 240
168 1405 -275
168 169 -100
169 380 127
170 1404 104
170 395 -11
170 1429 -257
171 1433 32
171 1456 -79
171 1409 21
172 4915 -342
172 2458 -139
172 4916 -168
173 2962 81
173 174 -211
173 5442 -123
174 5492 133
174 2029 168
174 2030 -70
175 3228 117
175 5466 334
175 176 112
176 2031 -33
176 2032 13
176 645 122
177 2036 -163
177 645 26
177 5521 -181
178 1271 -77
178 1963 -58
178 5503 149
179 1272 -215
179 1951 -214
179 5462 -221
180 186 -50
180 1327 -130
180 184 -78
181 2709 -79
181 183 -188
181 182 -130
182 2824 157
182 185 173
183 184 195
183 185 240
184 186 36
185 187 -61
186 188 -133
187 188 -75
187 189 -93
188 190 7
189 190 19
189 2825 24
189 191 4
190 2826 256
190 191 -9
191 3351 349
192 395 237
192 1416 250
192 1442 139
192 218 259
193 218 193
193 817 270
193 1431 -3
194 1868 145
194 1377 -94
194 4267 202
195 1478 150
195 2088 139
195 337 -66
196 291 290
196 294 220
196 469 232
197 350 221
197 1948 66
197 1907 313
198 1805 -74
198 1399 142
198 242 -81
199 2554 169
199 2553 -41
199 2211 146
199 474 193
200 1975 77
200 2075 -102
200 1948 -290
200 484 39
201 482 -95
201 1236 -51
201 2085 -98
202 2560 -5
202 1374 -88
202 1066 139
203 1368 182
203 1370 225
203 1374 -102
203 1364 157
204 1383 10
204 205 -272
204 1364 -125
205 1437 287
205 1902 20
206 1855 169
206 1884 297
206 1906 171
207 2173 -324
207 2171 -230
207 209 -66
207 422 -197
208 1059 -65
208 211 -288
208 426 -193
209 211 -232
209 1060 100
209 1059 -18
210 426 81
210 1321 41
210 429 -11
211 213 89
212 1331 46
212 429 -264
212 1254 69
213 1317 69
213 1254 261
214 1325 218
214 1317 102
214 1254 314
214 495 239
215 1310 -276
215 3927 -297
215 3928 -253
216 217 21
216 5627 299
216 1747 190
217 3525 84
217 772 244
218 1448 -41
219 4072 154
219 731 403
219 2453 177
220 739 341
220 221 362
220 222 228
221 222 -92
221 223 81
222 223 256
223 3352 5
224 1788 -23
224 2034 92
224 2883 68
224 227 314
225 2800 -259
225 2801 234
225 2803 -13
226 2587 -333
226 2799 365
226 1443 -34
227 1791 -253
227 3306 290
228 1356 -141
228 1352 -98
228 2052 -152
229 1353 21
229 1352 57
229 232 20
230 1987 -168
230 1989 20
230 5527 -106
231 5275 183
231 1989 110
231 5524 167
232 1355 75
232 237 31
233 234 -3
233 2009 219
233 2017 309
234 2002 88
235 2001 -157
236 5277 -154
237 5277 -47
237 3422 38
238 2017 340
238 2020 369
238 2019 152
239 2023 363
239 5512 350
239 646 129
240 2023 212
240 5508 -168
240 2015 -118
241 1954 189
241 242 12
241 1976 305
241 1956 363
242 4183 203
243 309 -234
243 2342 45
243 317 -231
244 245 -72
244 322 138
244 317 33
245 5263 304
245 1359 152
246 325 37
246 326 -126
246 5265 -92
247 250 3
247 248 -116
247 2471 -33
248 251 201
248 2617 -79
249 5268 -37
249 2053 -69
249 298 -61
252 5244 219
252 5246 13
252 284 365
252 1841 183
253 1841 -86
253 5018 -280
253 2619 -210
254 258 180
255 447 211
255 438 107
255 5291 299
256 444 -88
256 788 145
256 3893 -62
257 313 3
257 2215 300
257 315 176
258 261 75
258 3893 24
259 4565 155
259 2349 -18
259 2537 206
259 1480 71
260 2130 30
260 2132 -25
260 2139 -137
261 2623 329
261 576 210
262 2620 12
262 1234 -138
262 2621 173
262 2622 -124
263 1339 -25
263 1340 -149
263 1341 -341
263 1342 6
264 2622 59
264 5007 94
264 3884 153
265 2624 189
265 2623 195
265 3947 -33
265 462 -4
266 4715 331
267 2200 243
267 5252 -27
267 459 147
268 2200 153
268 1235 -181
268 5251 -47
269 3237 -211
269 1639 -155
269 2627 -43
270 2181 114
270 2186 24
270 1235 -104
270 2187 265
271 4715 478
271 1213 161
271 272 304
272 2588 37
272 2591 -85
273 1658 359
273 1417 175
273 2191 -6
274 5269 52
275 1826 13
275 1818 284
275 2591 -42
276 1459 -117
276 1417 -9
276 1458 -14
276 1419 -128
277 1444 -203
277 1458 -116
277 280 85
278 1830 -187
278 1834 -60
278 1836 -204
278 1828 -12
279 281 211
279 1834 248
279 366 109
280 1477 59
280 1478 -97
281 2520 107
281 287 30
282 5274 298
282 298 32
282 1487 428
282 5273 59
283 338 224
283 2545 365
283 335 233
284 5269 -289
284 2053 -153
285 290 -57
285 1839 -236
285 3925 -183
286 1286 171
286 1281 -1
286 2549 -68
286 1279 71
287 289 54
287 2176 -88
288 367 -261
288 1840 -377
288 2194 -296
288 289 -125
289 291 135
289 2194 -141
290 1843 10
290 3924 146
291 347 -314
292 2776 -11
292 1290 162
292 2228 69
293 3924 177
293 3925 -130
293 294 219
294 2064 58
295 296 -29
295 1982 -164
295 297 166
296 4152 213
296 2614 -22
297 1975 89
297 1974 -298
298 1356 152
299 1911 -270
299 2868 -7
299 1408 -168
299 1907 90
300 2532 110
300 1937 -49
300 2820 -112
301 1408 -35
301 1269 -25
301 1893 62
302 304 -41
302 1921 -255
302 1930 -52
302 1916 -95
303 1897 -267
303 1269 -152
304 1895 -201
304 1919 91
305 1901 -92
305 1899 -142
306 1930 -33
307 1931 58
308 1901 93
310 3863 -164
310 313 -171
310 311 -139
312 313 50
314 316 269
315 319 -85
315 316 61
316 317 -52
317 5417 402
318 2214 125
318 319 -132
318 321 58
319 323 453
320 2214 93
321 322 135
321 323 241
322 323 132
322 5377 -78
324 5379 122
325 1359 -229
325 5264 -9
326 5379 -156
326 1354 154
327 5400 263
328 5401 212
329 5399 -16
330 5402 154
331 5403 408
332 1444 -77
332 2547 -33
332 2544 -90
333 5399 11
333 2543 -57
333 334 6
333 1673 41
334 5400 206
334 335 99
335 5401 52
336 2089 110
336 337 -134
336 1476 -43
337 2090 56
338 1490 -197
338 5402 -223
339 5403 345
339 1279 211
339 1490 4
340 341 231
340 1407 -90
340 2103 -9
340 2091 29
341 2105 22
341 2103 -206
342 344 124
342 2106 -169
342 2122 -213
343 2122 -219
343 344 76
343 2072 -280
344 2076 -267
345 479 125
345 346 92
345 2082 133
346 2085 -175
346 2076 -186
347 1842 381
347 2093 413
348 790 366
348 2106 99
348 2117 349
349 3403 -110
349 3401 -283
349 3404 -91
350 4174 -160
350 4173 -74
351 5425 164
351 5423 159
351 661 146
351 4970 107
352 353 -190
352 4967 56
353 355 224
353 4965 -42
354 2506 -199
354 1465 66
354 3311 -186
354 1440 -67
355 4154 148
355 986 165
356 357 124
356 2506 -135
356 4154 180
357 359 98
357 358 134
360 363 70
360 362 38
361 4088 218
361 4154 303
361 4085 78
362 4085 -76
362 364 -53
362 705 -161
363 364 -176
364 2291 136
365 2192 368
366 1832 -104
366 1831 164
367 4996 208
367 2205 353
368 1880 195
369 1880 42
369 1370 223
369 1884 238
370 1391 -148
370 1947 -131
371 1063 142
371 1879 195
371 1882 23
371 1851 -3
372 2308 125
373 1386 30
373 385 37
373 376 -328
373 1391 -142
374 1410 124
375 1063 306
375 1885 370
375 378 69
376 1410 267
376 2508 79
377 1470 -22
378 1888 351
378 1886 296
379 1885 143
379 1426 -36
379 1888 117
380 1460 -77
380 381 -180
381 1450 41
381 3734 318
382 1860 81
382 1906 310
382 433 320
383 2606 -349
383 1460 -140
383 386 31
384 3734 10
384 1394 -209
384 1426 -181
386 2607 8
386 1450 -233
387 389 197
388 1891 -235
389 391 -124
389 2312 -195
390 391 -138
390 2606 -228
390 2313 86
391 2316 140
392 1852 208
392 1429 -109
392 1891 -85
393 2312 52
394 2607 65
395 2317 4
396 1311 -79
396 1310 -191
396 2674 89
397 397 0
397 1431 -69
398 1350 36
398 399 51
398 3186 229
399 1348 100
399 2609 260
400 1348 -61
400 1349 5
400 2610 -141
401 403 186
401 2611 72
402 5405 282
403 3287 -150
403 404 49
403 3284 -162
404 405 -110
404 1495 -110
405 3285 70
405 5405 155
406 3285 -80
406 407 -230
406 2162 82
407 409 325
407 2161 303
408 2164 53
408 2842 310
408 410 464
409 2166 -182
409 2164 -336
410 1496 21
410 412 -222
411 2162 87
412 1498 337
412 1502 16
412 1067 385
413 1067 121
413 414 -44
413 1343 263
415 3535 117
415 490 145
415 1343 214
416 1372 -86
416 417 100
416 1437 119
417 1797 -19
417 3933 -11
418 1346 -148
419 3930 116
419 3933 275
419 421 257
420 3954 -346
420 3931 -254
421 425 -254
421 1321 -149
422 1346 -150
422 1059 104
423 1372 161
423 428 420
423 431 290
424 426 -11
424 1795 250
424 1321 -59
424 3954 -138
425 1799 254
425 1798 116
427 432 202
429 1801 178
430 434 320
430 1798 75
431 432 -6
431 2586 52
432 436 70
433 1862 81
433 2877 -53
434 1331 12
435 2877 179
435 1864 186
435 1311 192
437 1864 -39
438 1009 110
438 5292 44
439 576 65
439 449 318
439 1634 -13
440 3890 -192
441 4128 172
442 5289 256
443 3889 232
444 5009 -41
444 453 119
445 5292 -42
446 4560 106
446 4564 -71
446 4563 231
446 4562 160
447 452 -26
447 5288 -105
448 4564 -6
448 4565 282
448 4561 53
450 454 171
451 2219 20
451 4128 161
451 3239 7
452 4572 -59
452 5289 245
453 5002 23
453 2620 107
454 4563 71
454 455 -109
455 5220 59
455 2625 372
456 5220 -141
457 3949 285
457 458 62
457 1234 8
458 3950 -54
458 3947 11
459 5257 -161
459 1342 232
460 3949 68
461 2830 184
461 1639 214
461 2353 63
462 2625 236
462 2626 149
463 3950 36
464 2368 -230
464 3224 -111
464 2549 -54
465 5388 76
465 5387 183
465 3045 187
466 5388 79
466 5382 -184
466 1493 -198
467 2773 16
467 833 84
467 3186 17
468 2115 -131
469 2109 -85
469 2121 -309
470 2552 210
470 471 119
470 4566 309
471 478 51
471 3512 118
472 2773 273
472 2772 256
472 2775 52
473 2113 114
473 2109 147
473 477 259
474 2552 -63
474 2362 64
475 2113 73
475 476 -153
475 2065 72
475 2069 196
476 479 303
476 2070 7
479 2072 -288
480 2083 99
480 2078 -25
480 2084 -36
481 2556 -161
481 2211 135
481 2160 -78
482 2082 240
482 2084 37
483 2083 106
484 1371 178
484 1463 -68
485 1463 187
486 489 -43
487 489 -39
488 491 -14
489 494 183
490 1344 139
490 1345 63
491 494 -45
491 2169 -62
492 3309 -11
492 3310 -73
493 2173 -218
493 1142 130
493 494 -142
495 496 -168
495 3927 -251
496 1309 149
496 3928 -32
496 1317 82
497 498 -57
497 3577 -146
497 5416 -105
498 1240 319
498 3576 254
499 500 -160
499 502 52
499 1510 26
500 510 391
500 501 169
501 511 85
501 510 237
502 1510 -11
502 503 -94
503 504 118
503 5204 -15
504 5203 -119
504 513 115
505 1165 -161
505 814 87
505 1163 197
505 4973 142
506 814 104
506 1168 -56
506 615 -54
506 1164 -27
507 1170 -7
507 4755 -42
507 616 -15
508 1172 -163
508 616 -3
508 509 188
509 2344 45
509 3539 -279
510 3052 -145
510 3054 72
510 2713 -126
511 2598 16
511 513 84
512 2599 117
512 595 225
512 2598 214
513 2599 -146
514 602 -68
514 5202 161
514 5196 -30
514 515 3
515 5194 187
515 3324 228
516 579 275
516 2596 247
516 517 90
517 1303 -13
517 2597 -76
518 3051 242
518 813 215
519 3899 -124
520 538 17
520 3087 234
520 2704 213
521 2564 89
521 2561 167
522 4539 125
522 4533 82
522 4532 48
523 2563 -127
523 3671 142
523 2541 701
524 4538 -203
524 525 67
525 2568 -153
525 2567 -58
526 2567 22
526 527 109
526 3674 -185
527 4971 -121
528 542 28
528 3906 164
529 3906 126
529 3904 100
529 2583 7
530 2576 -309
531 2582 84
531 2576 44
531 534 288
531 3899 214
532 4294 163
532 3897 237
532 2582 24
532 535 106
533 3897 24
534 535 -59
534 538 9
535 537 -51
536 537 91
537 1245 296
538 1245 226
539 540 234
539 3677 295
539 3672 270
540 4546 767
540 541 246
541 1062 -186
541 543 143
542 1062 65
542 543 278
544 3690 -157
544 2704 19
544 547 286
545 546 5
546 3675 276
548 549 63
548 1173 -95
548 1176 44
548 1174 118
549 1176 -20
549 1179 -2
550 1175 248
550 1551 31
550 4149 278
551 3469 -14
551 3471 90
551 1176 74
552 3038 153
552 3943 -124
552 557 202
553 5006 60
553 555 -79
553 3888 -83
553 3894 -80
554 3895 -238
554 5006 -67
554 5224 -319
554 1551 -152
556 4164 1
556 563 52
556 3895 -47
556 2460 -157
558 586 205
558 562 298
558 2461 358
559 5168 431
560 561 0
560 4700 31
560 4699 -29
561 564 158
561 4293 196
562 4547 125
562 2460 -95
562 567 -42
563 570 157
563 569 135
564 3325 -128
564 5167 203
565 5198 -89
565 5199 182
565 601 -46
565 2602 42
566 5138 47
566 1613 -202
566 2432 -92
567 3992 353
567 4719 104
568 569 -33
569 570 124
570 574 -32
571 5141 -116
571 577 -39
571 5163 -80
572 5141 96
573 575 -151
573 1068 87
573 2437 51
574 1625 242
574 4562 219
575 584 447
575 2434 20
576 1232 282
577 5019 83
577 583 45
578 585 207
578 581 61
578 5019 63
579 1296 -141
579 5205 30
580 5151 208
581 612 167
581 5138 423
582 5205 279
582 584 122
582 1523 263
583 5151 191
583 610 197
584 606 275
584 2379 321
586 3471 -13
586 587 -45
587 1508 434
587 2225 52
588 2346 202
588 1485 184
588 5215 -125
589 3468 140
589 813 42
589 591 306
590 3465 222
592 2714 -45
593 596 -32
593 594 114
593 598 -30
594 596 -124
594 2600 -180
595 2601 127
595 2714 -106
596 598 17
597 5137 34
597 1606 43
597 4852 -64
598 2716 -19
599 2602 187
599 2601 393
599 2716 7
600 5189 -62
600 1609 -162
600 4858 109
601 602 118
601 5197 80
602 605 107
603 609 303
604 607 -52
604 5198 -3
604 606 -35
606 608 15
609 5137 152
609 4851 -8
610 5142 12
610 2435 -74
611 5142 279
613 3080 180
613 4760 -48
613 4759 96
614 1534 -33
614 5239 40
614 5238 2
614 3038 183
615 4755 332
615 3081 58
616 3080 9
617 620 -185
617 5372 -303
617 618 -78
618 619 166
618 4712 -46
620 621 43
621 623 3
621 5373 258
621 624 203
622 5373 35
622 2464 254
622 2303 77
623 2945 475
623 5417 488
625 2303 300
625 905 277
625 3036 54
626 629 177
627 2943 309
627 629 46
627 630 309
628 5376 -13
628 2470 98
628 2342 304
629 2953 160
631 2304 339
631 633 388
631 634 401
632 633 104
633 4710 21
635 4710 363
635 638 224
635 636 233
637 638 54
638 639 53
639 2307 -38
639 3542 232
640 2307 -47
640 641 367
640 642 263
642 643 -99
642 5442 53
644 1988 -172
644 2005 -81
644 2839 -136
644 5535 -206
645 2010 -35
646 2024 124
646 2019 136
647 2024 -174
647 2039 85
647 5518 -201
648 5280 110
648 2336 -56
648 1667 20
649 2025 -71
649 1334 -168
649 685 -32
650 1333 149
650 2025 125
650 5280 187
650 653 8
651 1335 -53
651 2027 208
651 652 -53
651 5479 220
652 5441 254
652 1334 88
652 5480 290
653 1787 169
653 1583 147
654 4707 -40
655 2045 88
655 2837 305
655 2806 -144
656 3938 396
656 2808 329
656 2045 297
657 659 -113
657 2797 -19
657 2807 -295
658 659 247
658 1984 158
658 3938 367
659 662 -89
659 660 -24
660 664 -59
660 2676 -50
661 2676 94
661 1970 306
662 1703 178
662 663 3
663 665 405
663 2677 100
663 1701 105
664 3936 427
666 1792 112
666 4189 -209
666 1791 -223
667 673 -22
668 2835 211
668 673 133
668 677 128
669 671 -107
669 672 -24
669 4366 24
670 674 153
671 672 94
671 4189 -20
672 676 169
673 674 357
673 675 76
674 676 22
675 678 33
675 2823 63
676 2823 -199
679 2823 -221
680 3306 300
680 1789 264
680 1578 480
681 1789 327
681 1594 256
681 2834 15
682 1071 60
682 3227 216
682 2834 -96
683 1071 77
684 4752 -31
684 1210 -19
684 2457 141
685 5440 -186
685 1667 -88
686 700 -170
686 5445 -28
687 2055 210
687 5445 422
687 695 326
687 3288 383
688 5447 -20
688 691 67
689 690 175
690 692 142
690 5446 109
691 1636 110
691 1363 230
693 696 190
693 5447 45
693 694 246
697 698 256
697 699 240
697 5566 166
700 1635 137
700 1337 423
701 703 -51
702 1608 301
702 1563 225
702 2936 226
703 1239 325
704 706 162
705 706 380
705 2357 411
706 708 -176
707 2206 -327
707 2360 -147
707 2291 -33
708 712 222
708 709 9
710 2283 437
710 711 246
711 2360 -272
711 714 -120
713 2357 303
714 744 39
714 2453 226
715 1727 -49
715 744 -134
715 754 63
716 1072 -77
716 5638 -58
716 717 101
717 5637 -102
717 718 327
718 5636 -91
718 1734 -2
719 4113 -52
719 5635 -63
719 720 174
720 722 -187
720 1077 -43
721 1078 -56
721 4062 -325
721 767 86
722 1080 156
722 5630 658
723 5630 10
723 1089 -177
723 1048 51
724 5633 -42
724 725 252
724 1089 -64
725 1096 290
725 726 -30
726 727 -58
726 3771 -173
727 3744 14
727 3742 256
728 1722 42
728 1328 151
728 5028 127
729 5412 -71
729 5414 -140
729 5406 122
730 1722 -101
730 736 41
730 732 -24
731 733 -125
731 735 -269
732 737 195
732 738 245
733 2289 -73
734 2230 71
734 741 -137
734 5026 -128
735 739 324
736 1316 -150
736 738 174
738 3393 129
740 743 80
740 5026 124
740 5412 58
740 2294 72
742 746 -28
742 2293 -232
742 1316 -297
743 1725 219
743 4222 -6
744 750 185
745 1725 146
745 768 -213
745 1042 34
746 1327 -81
746 748 112
747 748 150
748 3376 -35
749 3376 -98
749 3393 37
749 3375 -15
751 753 289
751 5619 74
751 2827 187
752 3376 152
752 753 371
752 755 399
752 3378 212
753 755 71
755 3380 82
756 3381 -1
756 3385 -9
756 3380 84
757 5618 289
757 760 238
757 3504 82
758 759 186
758 5619 69
758 763 422
759 4567 128
759 765 199
760 761 -144
760 762 -26
761 766 436
761 4214 211
762 4567 17
762 5625 8
764 4257 -73
764 4278 250
764 4214 -69
764 4216 212
767 5625 -279
767 2710 -71
768 4222 -42
768 769 92
769 2861 201
769 4065 277
770 4258 7
770 4220 8
770 4222 -309
771 4257 181
771 4066 385
771 4213 847
772 5628 4
772 4223 -173
773 5431 -303
773 3527 -88
773 774 68
774 783 298
774 775 66
775 776 -20
775 778 258
776 1811 225
776 4939 114
777 780 49
777 5628 164
779 1811 -7
779 781 -256
779 1754 105
780 782 149
783 4157 241
783 4155 56
784 2963 282
784 2909 758
784 3097 582
784 5371 586
785 5371 96
785 2339 230
785 2462 171
786 5371 -85
786 787 -83
786 2957 -88
788 1232 142
788 5016 67
789 1649 171
789 2372 316
789 1304 -49
790 1469 -17
790 791 -39
790 2101 23
791 3856 143
791 2125 -18
791 3006 131
792 3000 59
792 3003 28
792 2999 -22
792 793 -14
793 1462 122
793 3003 70
793 3855 115
794 2558 -230
794 1066 -72
794 3226 -137
795 1369 76
795 3014 -163
795 3012 177
795 3016 156
796 5100 105
796 4736 176
796 5083 186
796 1030 335
797 4737 -144
797 4740 -235
797 5077 -99
798 4803 288
798 5075 343
798 1012 251
799 1587 57
799 5101 -49
799 5132 139
800 4886 228
800 856 -14
800 5061 155
800 5113 185
801 5352 91
801 5308 -136
801 5578 -104
802 5587 -57
802 2965 -94
802 2814 -254
803 3503 91
803 804 -43
803 1802 70
803 3501 95
804 1805 24
804 1803 104
805 3503 -156
805 1808 -127
805 1959 -58
806 2535 -42
806 3977 -252
807 3097 -94
807 903 45
807 5241 -40
808 1241 385
809 4568 221
809 1486 117
809 3182 202
809 3786 371
810 811 112
810 2425 264
810 1486 90
811 3185 171
811 4568 236
812 3802 77
812 2343 305
812 2671 349
813 4961 77
814 1164 -126
815 1167 -91
815 4992 8
815 4973 156
815 4149 126
816 1436 -39
817 818 8
817 1436 -151
818 1868 4
818 819 -34
820 4267 -16
821 1291 23
821 1304 67
821 2843 277
822 3045 -151
822 2844 133
822 1291 -128
823 825 -38
823 2407 231
823 1657 159
823 860 224
824 2721 104
824 5020 44
824 5118 -203
824 3059 1
825 2396 -7
825 2397 159
826 2394 -162
826 846 -129
826 3533 251
827 3861 -14
827 1441 -96
828 4024 -28
828 4299 233
828 4025 -30
829 3267 -165
829 4300 -375
829 3323 -275
830 4300 79
830 3814 199
830 4299 357
831 4369 39
831 832 152
831 833 351
833 3088 -127
834 839 -28
835 836 253
836 4369 -6
836 838 198
837 839 254
837 1141 391
837 840 167
838 840 -21
838 3564 111
839 841 98
840 4372 445
841 2993 228
841 842 218
843 3091 114
843 3089 395
843 1585 454
844 2403 76
844 2857 458
844 2450 157
845 3564 81
845 3091 -64
845 3088 66
846 2448 138
846 2400 106
847 2405 224
847 1585 447
847 2445 237
849 850 92
849 2876 25
849 3298 16
850 3563 100
851 852 109
851 3563 313
851 3816 196
852 3302 684
852 3816 153
853 3097 829
854 4772 257
855 5092 -19
855 1593 -127
855 1270 81
856 5115 126
856 4891 -82
857 5021 93
857 1688 219
857 1692 -120
858 3057 132
858 5102 -42
858 1692 36
859 3057 -71
859 1029 41
859 5022 -169
860 5123 253
860 2437 45
861 3315 116
861 1110 264
861 5123 264
862 5086 84
862 5068 -112
862 2968 -100
862 2415 186
863 1033 115
863 5086 177
863 5088 257
864 2422 57
864 3244 434
864 1046 -56
865 5069 74
865 2422 16
865 2976 102
866 5072 -63
866 2672 49
866 5023 160
867 868 26
867 4593 362
867 5048 109
867 4658 159
868 870 259
868 869 -15
870 5049 149
870 1753 118
871 5049 299
871 1752 406
871 1757 180
872 5053 155
873 5040 -239
873 917 -105
873 4672 -54
874 1251 -188
874 4660 54
874 4668 -12
875 1771 -190
875 876 55
875 1055 -1
876 4674 -7
877 5152 90
877 5418 119
877 4514 259
878 1573 -22
878 5193 -73
879 4958 -7
879 4280 286
879 2770 27
880 4348 229
880 4777 259
880 4776 -85
881 4777 372
881 1628 128
881 3293 470
882 1617 291
882 5013 288
882 883 64
884 1676 288
884 3557 252
884 2809 276
885 886 22
886 1109 -87
887 4365 277
887 3365 7
887 2966 262
888 4362 122
888 3408 -40
888 3410 -7
889 3412 -231
889 4361 -32
889 4362 89
890 3845 -250
890 976 -229
890 1660 -191
891 1693 -57
891 1135 458
891 1689 -124
892 3419 79
892 1710 309
892 895 351
893 1126 -214
893 5236 60
893 1124 134
894 1131 -120
894 3412 -194
894 3480 -79
895 4630 346
895 896 -15
896 3416 375
896 1717 626
897 898 165
897 3415 370
897 899 441
899 979 589
899 900 -78
900 4578 265
900 3873 523
901 5090 167
901 1752 535
901 906 135
902 2605 340
902 2339 331
902 4171 19
903 1555 290
903 2339 303
904 4876 -309
904 4871 -15
904 4878 -272
905 4876 -249
905 4811 -77
906 5074 -26
906 5023 243
907 4652 79
907 4691 -119
907 1053 11
908 4493 -29
908 913 36
908 920 200
909 912 317
909 911 354
909 3270 265
910 5056 158
910 917 -11
910 4793 -29
911 925 -7
911 915 41
912 4075 -108
912 3913 -27
913 4056 -29
913 914 318
914 4000 -233
914 4060 47
915 929 254
915 4493 99
916 4656 223
916 5056 326
916 4660 265
917 4586 203
918 2641 222
918 2640 102
918 2643 272
919 3279 111
919 927 69
919 3272 191
920 4058 -204
920 3274 310
921 3272 296
921 4061 271
921 924 298
922 926 125
922 2641 273
922 3995 131
923 930 -39
924 1769 29
924 3273 -233
926 928 351
926 3277 56
927 928 338
927 3276 309
928 931 -101
930 4587 239
930 1217 251
930 4666 90
931 2645 133
931 932 21
932 2646 177
932 3921 36
933 5025 77
933 5024 -46
933 5293 107
934 2653 -71
934 2652 0
934 3994 181
935 3918 -11
935 3917 163
935 937 22
936 4032 -195
937 2662 263
937 939 -66
938 1772 316
938 3814 183
939 2664 257
939 4013 16
940 2662 159
941 2664 147
942 2666 -67
942 2667 -100
942 4019 111
943 2669 -48
943 2668 -38
943 2665 291
944 2699 110
945 3267 -154
945 4024 -316
945 946 -266
946 4027 188
946 4026 293
947 4049 259
947 4053 417
947 4050 147
948 3496 12
948 3220 249
948 3495 180
949 3494 -41
949 3323 -101
949 3266 47
949 3496 -68
950 951 19
950 4045 -143
950 952 -176
951 953 179
954 1784 323
954 4037 57
954 3262 75
955 3733 -55
955 3142 1326
955 3598 219
956 989 -109
956 4896 -137
956 1076 -16
957 4896 -196
957 958 -163
958 4898 297
958 4897 127
959 2056 256
959 2486 90
960 963 63
961 962 169
962 4962 109
962 3758 5
963 3741 309
963 966 390
964 2485 47
964 3758 151
964 4962 211
965 3959 168
966 3962 -26
966 4491 308
967 4653 661
968 969 38
969 970 51
969 3959 151
970 3956 -44
971 1624 182
972 1624 179
972 973 209
972 2905 154
973 974 212
973 2907 45
974 1193 -51
974 1188 -316
975 5563 -269
975 1181 -199
975 1559 -107
976 977 -32
976 978 156
978 1130 -19
978 1138 167
979 2480 36
979 980 -42
980 4595 -21
980 4583 274
981 1733 31
981 4595 -218
981 2700 -159
982 3570 132
982 3122 148
982 4338 55
983 984 276
983 3304 261
983 3104 126
984 4304 40
984 4716 169
985 1065 -152
985 1241 78
986 987 38
986 2510 -222
987 2511 -10
987 2512 -69
988 3579 654
988 3812 329
988 2511 735
989 3074 108
989 3579 156
989 4301 252
991 1528 255
991 993 483
991 3037 22
992 5608 348
992 5015 321
992 2059 382
993 2925 -294
993 994 31
994 1558 117
994 1255 -149
995 2908 -23
995 1563 235
995 1554 329
996 2496 -75
997 2328 -125
997 2499 -51
997 2500 -172
998 2494 -8
999 2493 -150
999 4869 251
999 1001 -93
1000 2331 173
1000 2629 18
1000 2628 217
1001 4861 389
1001 1623 122
1002 4143 279
1003 2327 11
1003 1004 61
1003 4252 43
1004 4125 -74
1004 4126 -129
1005 4143 5
1005 1006 -88
1005 2633 -27
1006 4125 -65
1006 3844 144
1007 4133 -136
1007 4130 -98
1007 2217 -19
1007 3842 -96
1008 4141 232
1008 4140 56
1008 3843 239
1008 1009 107
1009 5287 14
1010 2770 40
1011 4880 61
1011 5058 345
1011 1684 341
1012 5116 -18
1012 4889 300
1013 1018 -128
1013 4842 -152
1013 2969 -264
1014 1699 142
1015 1704 242
1016 1690 -15
1017 2412 11
1017 3974 297
1017 2451 15
1018 3826 50
1018 3820 225
1018 3825 219
1019 1699 54
1019 1022 112
1019 1020 -116
1020 4765 260
1020 1707 308
1021 1706 -163
1021 3456 -113
1021 3040 42
1022 1025 298
1022 1027 466
1023 1024 -270
1023 4743 52
1023 4356 158
1024 1713 355
1024 1702 518
1026 3974 260
1026 3829 197
1026 3562 114
1027 3342 -71
1027 1028 235
1028 4941 120
1029 4367 -228
1029 3775 -9
1030 5084 75
1030 4639 71
1031 4431 105
1031 3616 188
1031 3722 -46
1031 3728 46
1032 4627 144
1032 1724 434
1032 4628 285
1033 4627 -79
1033 1713 246
1034 4941 145
1035 4073 47
1035 2860 69
1035 2862 6
1036 1044 236
1036 2850 117
1036 4082 218
1037 4468 -181
1037 2730 46
1037 4469 -96
1038 2851 16
1038 1154 -236
1038 2484 137
1039 1150 382
1039 1041 72
1039 2861 136
1040 3723 120
1040 4468 131
1040 4464 194
1040 2730 316
1041 1155 195
1041 1154 134
1042 4073 69
1042 1043 19
1045 1046 -257
1046 4597 84
1047 1746 53
1047 4609 114
1047 4615 -141
1048 2603 -274
1048 5631 -49
1049 1051 -71
1049 3834 663
1049 1156 271
1050 2603 41
1051 3776 291
1051 1758 293
1052 3776 355
1052 1054 293
1052 3778 184
1054 4694 125
1054 4652 135
1056 4001 379
1056 1057 -163
1056 4003 -163
1058 1059 249
1058 1346 17
1058 1795 404
1061 4276 226
1062 4538 152
1064 2881 11
1064 4026 325
1064 4028 96
1066 2559 -200
1066 1503 -188
1067 3421 -118
1068 2828 -101
1068 5194 -12
1070 2833 -24
1070 1071 93
1070 2835 140
1070 2765 -44
1071 3227 164
1072 4097 304
1072 5639 211
1073 5639 311
1074 5638 105
1075 5624 96
1076 1079 443
1076 4301 33
1078 1745 -245
1078 5624 -36
1079 1082 7
1079 4301 -59
1080 4110 167
1080 1085 270
1081 4106 -69
1081 4108 -5
1081 4107 189
1082 1083 -73
1082 1749 329
1083 1084 369
1083 1087 102
1084 4101 67
1084 1086 -250
1086 1088 220
1086 3740 267
1089 4104 153
1090 5627 476
1091 4103 -175
1091 4104 153
1091 1092 118
1092 4101 111
1092 1096 240
1093 1096 268
1093 1095 95
1093 2492 215
1094 1095 -168
1095 1097 -2
1098 3957 -187
1098 3956 2
1099 3297 372
1099 4495 92
1099 4494 283
1100 5181 257
1101 1102 1
1101 5176 -35
1101 4514 -90
1102 5181 -39
1103 1204 32
1104 3509 -4
1105 4304 400
1105 3216 188
1106 5017 -70
1106 5144 63
1106 2435 15
1107 2438 166
1108 1113 267
1109 1118 301
1109 2967 168
1110 2440 -22
1110 5146 -114
1111 5146 165
1112 1113 140
1112 5231 120
1112 4365 180
1113 4311 -150
1114 4311 118
1114 1115 113
1114 4312 391
1115 4310 11
1115 5234 17
1116 4310 -229
1116 5233 -260
1117 5233 -211
1119 3365 -165
1119 1120 -181
1119 1122 -28
1120 3406 243
1120 3372 346
1121 5231 7
1123 3372 91
1125 1126 -222
1126 1129 142
1127 1129 11
1128 3480 107
1129 1133 -31
1130 3103 389
1130 3413 87
1131 3506 -41
1131 3464 14
1132 1133 -9
1133 3498 -95
1134 3464 -266
1135 3506 -284
1135 1136 -105
1137 3413 -200
1138 1139 -41
1138 3551 481
1140 1714 455
1142 1146 148
1142 1143 65
1144 4079 144
1145 1148 63
1146 1148 -42
1146 4079 -23
1147 4368 32
1147 3813 367
1147 1156 1170
1147 5103 334
1148 1151 27
1149 1153 22
1151 1152 -6
1151 1714 294
1152 2816 235
1152 1153 62
1153 4077 318
1154 1728 346
1156 1758 322
1157 1158 -177
1158 2912 182
1159 1169 282
1160 1161 -73
1161 4972 205
1161 1162 -62
1162 4993 -65
1162 5004 -130
1163 1164 -236
1163 5004 -374
1164 4990 -75
1165 4163 116
1165 1167 71
1166 2916 85
1167 1175 383
1168 4163 28
1168 1170 390
1169 2916 -322
1169 1200 -173
1170 1172 -162
1170 1171 -265
1172 3469 23
1172 2344 396
1173 1178 145
1173 1174 233
1174 1178 -89
1175 1177 -265
1175 3895 -75
1177 4164 212
1177 4163 255
1178 1179 -20
1179 1180 329
1181 5564 154
1182 1183 -50
1183 1188 57
1183 5563 55
1184 1188 -153
1185 5564 109
1186 1187 160
1186 1190 24
1186 5564 241
1187 1191 76
1187 1189 131
1189 5283 -3
1189 5284 -214
1190 1196 88
1190 1194 83
1191 5285 59
1191 5286 -43
1192 1194 -25
1194 1197 256
1194 5565 262
1195 5285 297
1197 5281 129
1197 3338 10
1199 1200 6
1200 2915 241
1201 2893 38
1201 5574 -155
1201 2887 -138
1202 5349 124
1203 5156 96
1203 2731 196
1203 1576 158
1204 1205 -169
1204 5176 127
1206 5156 240
1207 2467 52
1208 2143 -219
1208 2132 -83
1208 1209 148
1211 4752 7
1211 5440 -216
1211 1214 -177
1212 1213 -112
1213 5268 148
1215 5088 -168
1215 4582 -321
1216 1217 263
1217 4668 -77
1218 2646 697
1219 1220 110
1219 4045 15
1219 4054 143
1221 2645 1104
1221 3478 169
1221 4653 -127
1222 1223 222
1222 2688 963
1222 3541 -211
1223 5398 419
1224 3218 -36
1224 3544 174
1225 3374 84
1225 2541 722
1226 3195 94
1226 1227 266
1227 5243 164
1228 5633 -145
1228 1229 -116
1228 1751 -207
1230 2050 -243
1230 2044 59
1230 2049 -261
1231 2044 167
1231 1983 211
1231 2051 158
1232 5222 47
1232 3893 -34
1233 1741 424
1233 4893 377
1233 4903 367
1234 4946 204
1234 3952 79
1235 2183 259
1235 2180 -3
1236 2087 97
1236 1390 81
1237 5368 -35
1237 5605 -191
1237 5606 -26
1238 3019 -67
1238 5612 -192
1238 5613 32
1238 1529 112
1239 5565 -84
1239 2791 -62
1240 5415 -217
1240 4236 -219
1240 3575 -338
1242 2568 40
1243 2539 65
1245 3896 -54
1246 1249 59
1247 1250 116
1248 1249 -181
1249 1250 369
1250 1740 824
1252 4180 3
1252 4179 -183
1252 1953 39
1253 4179 -152
1255 1257 30
1255 1256 329
1258 2550 -180
1258 2362 -39
1258 1286 27
1259 2550 -56
1260 4578 224
1260 4600 210
1260 1261 127
1261 1262 -267
1261 1263 83
1262 1263 349
1262 1264 347
1263 1264 -1
1264 1265 212
1265 1266 133
1267 1268 2059
1267 3072 427
1270 5058 89
1270 5134 -61
1270 4884 19
1271 2703 -54
1271 1970 293
1271 2041 99
1272 2015 -54
1272 5461 304
1272 1950 263
1273 2821 50
1273 1917 24
1273 1937 38
1274 1276 180
1274 1275 83
1275 4977 15
1277 1490 -295
1277 1285 -203
1277 2545 109
1277 1492 -267
1278 1281 143
1278 1280 51
1278 2996 42
1279 1284 53
1279 1285 -128
1280 1286 274
1280 2551 374
1281 1288 170
1281 2423 11
1282 1673 104
1282 1380 245
1282 1584 256
1282 2543 84
1283 1286 -42
1283 2550 -38
1283 1285 -272
1284 5403 153
1284 2548 -7
1287 1289 393
1288 1289 3
1288 2997 34
1289 2549 -222
1290 5383 43
1290 2997 33
1290 2780 -278
1291 1292 242
1293 1305 118
1293 1294 -182
1293 1645 -30
1294 2349 181
1294 2348 109
1295 1296 55
1295 1300 201
1295 2705 233
1296 1522 -81
1296 1298 57
1297 1303 -125
1297 1301 43
1297 5214 119
1298 1524 149
1298 5205 140
1299 2706 67
1299 2707 -69
1299 1302 -300
1300 1303 -188
1300 4988 103
1301 2597 -207
1301 4719 119
1301 5215 9
1302 2374 177
1302 1305 356
1302 2372 444
1303 1521 352
1304 2706 296
1304 2708 193
1305 2705 -248
1306 2364 10
1307 1309 101
1307 3935 65
1307 3574 110
1308 1327 -106
1308 1322 -64
1308 1415 130
1309 1324 -73
1309 3577 -135
1310 1315 111
1310 1313 354
1311 1332 161
1311 1313 243
1312 1319 61
1312 1320 244
1312 5028 69
1312 2674 188
1313 2586 -108
1314 1328 -61
1315 2702 293
1315 1326 181
1316 1329 389
1316 1322 51
1317 3935 80
1318 1330 -201
1318 1331 84
1318 1798 -129
1319 1332 159
1319 1323 267
1320 5029 10
1320 2702 29
1321 1800 322
1322 3390 6
1323 1719 21
1323 1722 -201
1323 3362 -92
1324 3572 -22
1324 1326 76
1325 1331 64
1325 3926 15
1326 3928 -173
1327 2827 103
1328 2230 230
1328 5029 177
1330 1800 325
1330 1799 214
1330 1801 138
1332 1864 70
1333 1335 -173
1333 1336 -48
1334 2026 135
1334 2027 186
1335 2046 194
1337 2909 852
1337 1338 -50
1339 2145 -5
1339 5253 -37
1339 5254 -328
1340 4572 -178
1340 5255 165
1340 5256 -48
1341 2134 72
1341 3294 95
1341 5254 -10
1342 5250 -192
1342 3739 -91
1343 1345 -7
1343 3537 -182
1344 2171 -186
1344 2169 -143
1345 2175 191
1345 2170 -116
1346 2170 159
1347 2774 -84
1347 2612 -117
1347 2772 -86
1348 2612 191
1349 1351 148
1349 2611 80
1350 2228 167
1350 2608 262
1350 2778 331
1351 1495 -108
1351 2611 -51
1351 2613 58
1352 5272 7
1352 5273 -142
1354 5266 55
1354 5271 -134
1354 2052 -188
1355 5278 49
1355 5279 2
1355 5524 178
1356 5273 -109
1356 5267 79
1357 5265 -55
1358 5264 342
1359 5377 -74
1359 5378 134
1360 5469 106
1360 5483 275
1360 2028 131
1361 1362 111
1362 4920 -241
1362 4910 72
1363 5448 -35
1363 4907 -20
1364 1434 111
1364 1381 -237
1365 1390 20
1365 1439 39
1365 3862 247
1366 1373 62
1366 1438 26
1366 1368 267
1367 3853 11
1367 3014 -212
1367 3012 170
1367 3852 -108
1368 1464 51
1368 1400 -216
1369 3862 -102
1369 1384 -65
1369 3015 -68
1370 1468 -231
1370 1434 47
1371 1396 -123
1371 1414 -309
1372 1902 -54
1372 3932 237
1373 3862 179
1373 1384 60
1373 1397 172
1374 1471 30
1374 1381 27
1375 1375 0
1375 2036 -110
1376 1419 -320
1376 1466 -303
1376 5427 -48
1377 1721 260
1377 3364 285
1377 3923 29
1378 1406 52
1378 1454 -95
1378 1900 94
1379 1404 113
1379 1445 -267
1379 1455 0
1380 1459 -229
1380 1421 -63
1381 1383 427
1382 1404 177
1382 2317 104
1382 1446 101
1383 1794 -322
1383 1453 -232
1384 1464 285
1385 1442 -145
1385 1865 -194
1385 1427 -81
1386 1410 -94
1386 1411 -184
1387 1402 -12
1387 1426 91
1387 1412 -153
1388 2125 -144
1388 1407 -242
1388 2547 -155
1389 3860 -326
1389 3861 -7
1390 3013 178
1391 3818 155
1391 2309 308
1392 1435 279
1392 1474 17
1392 1932 435
1393 1458 135
1393 1467 6
1393 1476 165
1394 1446 59
1394 1455 20
1394 1404 376
1395 1900 -133
1395 1428 -280
1395 1406 -96
1396 2086 116
1396 2087 -96
1397 1869 133
1397 1424 132
1398 1448 95
1399 1456 -45
1399 1465 150
1400 1796 141
1400 1468 60
1401 1419 -98
1401 1461 248
1401 2356 202
1402 3453 -114
1402 3454 -146
1403 3231 -80
1403 1440 -76
1403 1409 -90
1405 1410 227
1405 1460 230
1406 3860 -207
1406 1441 38
1407 1422 412
1408 1423 -70
1408 1418 291
1409 1433 18
1413 1432 93
1413 1944 89
1414 1463 100
1414 1892 153
1415 2709 -221
1415 3388 -25
1416 1448 -38
1416 2317 -14
1417 1467 -119
1417 1466 -104
1418 1914 27
1418 1920 -2
1419 1659 169
1420 3030 -7
1420 3859 -137
1420 1871 -170
1421 1458 -55
1421 1444 -40
1422 1477 40
1422 1444 -199
1423 1447 319
1423 1892 269
1424 3862 -102
1424 3030 -42
1424 3031 19
1425 2063 166
1425 2085 53
1425 1473 213
1426 1455 -1
1427 1429 -208
1427 1865 -104
1428 3034 362
1428 3859 116
1429 1445 -26
1430 2802 289
1431 1436 121
1431 1442 166
1432 1475 -46
1432 1928 293
1433 3047 125
1433 1475 -168
1434 1902 -185
1435 1451 -172
1435 1474 -237
1436 1867 108
1437 1794 -327
1438 1869 331
1438 1796 139
1438 1871 53
1439 1894 57
1439 3033 -9
1440 1465 144
1440 1456 -63
1441 1454 -148
1443 2308 82
1443 3232 37
1445 1891 97
1446 2231 -30
1447 2866 -239
1447 2868 23
1448 2288 59
1449 1451 -187
1450 3803 283
1450 1460 119
1452 3452 20
1452 3453 -11
1452 1457 26
1454 1472 169
1457 1472 180
1459 1673 228
1459 1461 331
1461 5399 -43
1462 3851 -143
1462 3854 -132
1463 1948 1
1464 1471 -281
1465 1961 -25
1466 2191 88
1467 2190 289
1468 1880 209
1469 2099 -103
1469 2116 -285
1470 3818 30
1470 2802 65
1471 2560 224
1473 2076 -48
1473 3851 -4
1474 1946 205
1475 2300 317
1476 1478 179
1477 2088 -149
1477 1478 -150
1479 2350 -23
1480 2350 130
1480 2351 30
1481 2686 -336
1481 3064 194
1482 5204 -263
1482 1485 111
1482 5203 -268
1483 1515 139
1483 1484 -39
1483 5215 4
1484 1516 121
1484 1485 352
1486 3786 291
1487 1590 77
1487 1973 105
1488 2516 -213
1489 5210 312
1489 1489 0
1491 2545 97
1493 1493 0
1494 5404 40
1495 5404 73
1497 4121 63
1497 1499 1
1497 4122 90
1499 2168 154
1499 1504 252
1500 1503 -174
1501 2166 71
1501 3535 49
1501 2168 -6
1503 3421 172
1505 3530 -163
1506 1507 256
1506 1508 264
1506 2344 304
1509 1510 -21
1509 2345 189
1509 3055 88
1509 3538 94
1510 3539 13
1510 1511 -58
1511 1515 216
1511 3540 176
1512 1514 204
1513 1514 148
1514 1516 -16
1515 5204 -218
1516 1516 0
1517 5226 92
1517 3297 118
1518 3296 -181
1518 1519 31
1519 3296 -169
1520 5214 45
1521 5214 -96
1521 4987 70
1522 2373 536
1522 1524 291
1523 1525 -204
1524 1525 -222
1524 2707 108
1526 1529 225
1527 1528 32
1528 3815 298
1530 3081 100
1531 5311 97
1532 1534 -37
1533 5319 -102
1533 1550 254
1533 5316 -257
1534 4835 -125
1535 5554 186
1536 5556 178
1536 2790 219
1536 2901 27
1537 5356 81
1538 1549 270
1539 1540 -195
1540 2462 231
1540 1786 299
1541 1542 -41
1541 5558 -111
1542 5559 242
1542 1549 84
1543 5553 -36
1543 2899 -16
1543 2898 -61
1544 3894 -177
1545 4829 -202
1546 2386 160
1546 2846 -127
1546 4831 27
1546 2384 -159
1547 5556 269
1548 1555 23
1549 5560 203
1549 2338 204
1551 5008 79
1552 5558 -60
1553 2921 71
1554 2921 -127
1554 2919 81
1555 2466 207
1556 5559 321
1557 1559 -232
1557 2918 -167
1557 2338 58
1558 2923 -305
1558 1568 40
1559 5562 113
1560 1564 256
1561 1569 284
1561 5560 397
1561 5561 159
1562 2461 -72
1563 1564 18
1564 1565 -71
1566 1570 33
1567 5562 263
1570 1571 -111
1570 4825 -143
1571 4699 -134
1571 4824 -91
1572 1600 234
1572 2467 331
1572 2955 142
1573 5171 63
1573 5172 -74
1574 5186 49
1575 5174 287
1575 5171 142
1576 5158 -219
1576 1602 -14
1577 2389 258
1577 5128 47
1577 1587 258
1578 2934 47
1579 3533 240
1579 2397 162
1579 1672 47
1580 1585 208
1581 1582 127
1581 4922 381
1581 4923 148
1582 1583 43
1582 4924 -120
1583 1674 189
1586 5130 163
1586 1677 120
1586 4764 106
1587 5130 143
1588 5134 -10
1589 1595 -132
1591 1596 -237
1592 1596 -146
1593 5133 331
1593 5101 137
1594 1599 189
1594 2765 -79
1595 1596 33
1595 5133 472
1597 4882 15
1597 4886 346
1597 5060 343
1598 5075 223
1599 2885 105
1599 3940 452
1601 5165 -52
1602 5159 27
1602 2430 -114
1603 5160 48
1603 2430 27
1603 2431 267
1604 5161 -287
1604 2431 -29
1604 1605 -96
1605 5136 64
1605 5177 -11
1606 5186 15
1606 5177 -14
1607 5158 -161
1609 5188 244
1609 4852 30
1609 4854 215
1610 4865 116
1611 4254 -40
1612 2340 -180
1613 5165 112
1613 4858 418
1614 5175 117
1615 5160 -111
1616 5161 -49
1617 5193 71
1617 1621 -90
1618 2150 -61
1619 1625 163
1620 1624 202
1622 1631 -51
1623 2501 320
1623 1629 314
1625 4547 140
1626 5565 -41
1627 3100 -41
1629 3863 -246
1629 2502 99
1630 4129 35
1631 2792 367
1632 2342 116
1633 1634 33
1634 4560 161
1635 2793 -19
1636 2937 247
1636 2947 185
1637 1645 186
1638 1653 24
1639 2355 139
1640 1650 215
1641 1667 199
1642 3315 83
1642 5124 -66
1642 3059 107
1643 1644 302
1644 4783 -13
1644 1676 35
1645 1649 76
1645 3224 200
1646 5124 -155
1647 5450 -1
1647 4907 97
1647 4914 -89
1648 5263 442
1649 2366 -189
1650 2353 26
1650 3224 177
1651 1669 -132
1651 1653 -120
1651 2380 -19
1652 3657 12
1652 5235 214
1652 4415 166
1653 1655 79
1654 1663 -151
1655 1671 -70
1655 1657 99
1656 2355 199
1657 1668 -3
1658 2186 -174
1658 2190 -180
1659 5429 17
1659 2356 143
1661 2356 -115
1662 5234 211
1663 2396 63
1663 2721 339
1664 5450 -72
1665 4937 58
1666 5119 -295
1666 5020 -122
1666 2393 -69
1670 5120 35
1670 2393 269
1670 2391 305
1675 1676 79
1677 4763 138
1677 4762 -136
1678 2474 -115
1679 3348 -15
1679 3346 179
1679 1685 76
1680 2410 26
1681 5063 90
1681 1691 223
1681 5060 275
1681 4887 -59
1682 1683 -262
1682 5063 -146
1682 5115 -128
1683 5021 203
1683 5111 -86
1684 4842 41
1684 2410 27
1686 1687 -91
1686 3346 165
1686 3344 198
1688 5110 -282
1688 4797 -135
1690 1700 147
1690 4846 204
1691 5066 158
1691 4849 -37
1692 5066 398
1693 1694 62
1693 1696 97
1695 1696 -64
1696 3462 195
1697 1699 23
1698 3973 212
1698 5106 373
1698 5107 173
1701 1705 322
1701 4765 270
1704 4748 -123
1704 4747 -30
1706 3457 -103
1706 3461 130
1707 1709 48
1707 2992 202
1708 1711 99
1710 1712 -27
1710 3456 30
1711 1713 202
1711 4354 229
1714 1715 -233
1716 1718 64
1718 3245 326
1718 4632 89
1718 5068 383
1720 1721 73
1721 3363 149
1721 1867 -28
1723 1725 420
1724 3847 2
1724 3415 749
1726 1727 165
1727 4120 -89
1729 1740 99
1730 1741 39
1731 4116 41
1732 1733 366
1733 1737 20
1734 4118 -83
1734 4113 -225
1735 5623 96
1736 1737 344
1737 1739 47
1738 5636 306
1740 1741 -85
1742 1744 -151
1743 1744 -76
1744 5620 54
1745 5623 188
1745 4247 435
1747 4226 191
1747 5620 -121
1748 5629 16
1748 4223 -139
1748 4239 129
1750 5629 155
1752 5048 -318
1754 1755 -19
1754 4493 -25
1755 2637 -246
1755 3282 135
1756 5050 201
1757 5050 189
1757 4683 166
1758 3069 979
1759 1762 363
1759 3744 39
1759 3753 291
1760 3913 33
1761 3751 -11
1761 3752 -120
1761 3753 -36
1762 3746 -96
1762 3748 88
1763 4656 188
1764 1765 4
1765 3746 143
1765 3749 -16
1766 4058 -8
1767 2644 309
1768 2644 50
1768 2643 181
1768 2647 -31
1770 4587 -97
1771 4587 66
1771 4588 152
1772 2647 -137
1772 1773 -45
1774 2666 -166
1775 5039 189
1775 3071 228
1775 3070 57
1776 5039 99
1776 5024 -14
1776 3221 57
1777 4039 28
1777 1778 -229
1779 4042 263
1779 1782 302
1779 1780 109
1781 4642 354
1782 1784 103
1782 4642 87
1783 1784 145
1785 3487 175
1786 5372 -238
1786 2464 60
1787 4705 85
1787 1788 132
1788 2033 123
1789 2679 73
1790 2679 104
1790 1791 23
1790 4209 -15
1791 1792 413
1792 2034 -54
1793 1795 356
1794 3233 397
1794 4080 225
1795 3235 -224
1796 1872 155
1797 3931 -174
1797 3930 -146
1798 3932 251
1799 1800 163
1800 1801 -181
1802 3501 45
1802 1956 173
1803 3501 69
1803 2323 -99
1804 1958 321
1804 1957 -12
1804 1953 404
1805 1937 181
1805 2300 339
1806 4181 -288
1806 3502 -350
1806 1960 -333
1807 1808 90
1807 1969 -77
1808 1809 -86
1809 4181 -77
1809 1962 26
1810 2833 -13
1811 1812 -242
1813 3298 -145
1814 2207 122
1814 3737 -16
1814 5258 -7
1814 1818 185
1815 1816 -232
1815 3737 -137
1815 1817 -173
1815 2971 -28
1816 1817 82
1816 1821 166
1817 2974 188
1817 2973 -27
1818 3736 -14
1819 1820 301
1819 2972 286
1819 2974 192
1819 2971 146
1820 1823 -192
1820 2975 -306
1820 3736 -97
1821 2517 67
1821 1827 127
1821 1822 -55
1822 1822 0
1823 1829 42
1823 2518 -136
1823 2590 153
1824 2518 35
1824 1825 403
1825 1827 -128
1826 1833 370
1826 2592 347
1826 5260 -4
1827 1828 80
1827 1830 -23
1828 1831 14
1829 2519 -111
1829 2592 240
1830 2519 -97
1830 4167 -90
1831 1834 49
1833 5018 -262
1833 5249 -194
1835 5249 -8
1835 4167 -54
1835 4168 236
1836 1838 -38
1836 2520 224
1837 4168 133
1837 1838 -142
1838 2521 30
1839 2521 56
1839 1843 192
1839 3925 57
1840 1842 402
1840 2593 28
1841 5245 125
1842 2594 31
1843 2619 -42
1843 3924 142
1844 2541 61
1845 2541 101
1846 1847 999
1847 4559 1226
1848 1849 -84
1848 1873 -233
1848 1872 8
1849 1878 -11
1849 1874 -185
1850 1851 -295
1851 1859 122
1852 1855 29
1852 1859 -202
1853 1854 -5
1853 1889 79
1853 1883 296
1854 1889 92
1854 1855 174
1855 1857 -298
1856 1858 132
1857 1865 237
1857 1858 388
1858 1860 -267
1859 1889 139
1859 1891 49
1860 1863 348
1860 1861 305
1861 1863 64
1861 1862 16
1862 1863 83
1862 2878 -133
1864 2878 -2
1866 1867 -11
1867 1868 65
1870 1871 -159
1872 1873 -178
1874 1875 274
1875 1876 25
1876 1881 11
1876 1878 40
1877 1879 -12
1877 1882 -169
1878 1881 3
1880 1883 201
1881 1882 -1
1883 1884 13
1884 1905 -209
1885 1887 -329
1888 1890 -114
1892 1893 -63
1893 1894 67
1895 1931 334
1895 1896 116
1896 1932 217
1896 1897 -115
1896 1920 197
1897 1898 215
1898 1901 -17
1898 1899 -61
1899 1900 93
1902 1903 213
1903 1903 0
1904 1905 142
1905 1906 196
1907 1908 -229
1908 1935 140
1908 1909 84
1910 1911 -89
1910 1935 132
1910 1912 167
1911 1913 146
1911 1914 386
1912 1913 -108
1912 2615 -120
1913 2616 -39
1914 1919 -11
1915 1916 156
1915 2615 110
1915 1921 90
1916 2616 -71
1917 2821 103
1917 1918 173
1918 2820 -121
1918 3867 -237
1919 1920 17
1921 1923 95
1922 3867 -106
1922 1928 30
1922 1924 -9
1923 1925 43
1923 1924 87
1924 1925 -29
1925 1927 228
1925 1926 45
1926 1927 195
1926 1928 120
1927 1929 -234
1929 1930 129
1929 1933 -54
1931 1932 -15
1934 4261 21
1935 1936 249
1938 1942 117
1939 1940 204
1940 1943 -64
1940 1942 -58
1941 1946 57
1942 1943 9
1943 1944 -35
1944 1946 141
1944 1945 277
1946 1947 -29
1949 2868 20
1950 4176 -71
1950 1951 -253
1951 1952 -77
1951 1963 35
1952 1953 340
1952 2703 40
1954 4182 127
1954 5277 45
1955 1956 209
1955 2323 -82
1957 3502 -51
1957 1959 273
1958 1959 -61
1958 1969 -304
1960 1961 222
1960 4181 78
1961 1962 -17
1962 5423 50
1963 2703 -73
1964 1966 -193
1965 1967 78
1965 1966 25
1965 2703 -45
1966 1968 253
1970 2675 -179
1972 1973 297
1973 1982 -253
1974 2618 226
1974 1975 399
1976 3402 -103
1976 3424 99
1977 1979 -90
1977 1981 -166
1977 1978 -114
1978 1979 50
1978 1980 0
1979 1981 -66
1981 1982 0
1983 2796 -21
1983 2033 430
1983 2798 -188
1984 2807 -86
1984 2045 268
1985 1986 210
1985 1998 195
1985 5526 190
1986 1996 -111
1986 1988 -35
1987 1993 225
1987 1990 239
1987 5526 95
1988 1992 -119
1988 1994 152
1989 1990 50
1989 5276 -120
1990 1991 -118
1991 5275 172
1991 1993 179
1992 1997 21
1992 1995 174
1993 2002 -178
1994 1996 -165
1994 1997 -249
1995 2000 233
1995 2007 93
1996 1998 128
1997 1999 3
1998 2003 77
1999 2000 383
1999 2004 65
2000 2006 -114
2001 5275 170
2001 2011 130
2003 2009 42
2003 2008 21
2004 2006 212
2004 2008 238
2005 2007 60
2005 5537 85
2006 2007 -14
2007 2012 14
2008 2009 90
2010 2031 -81
2010 2012 19
2010 5539 36
2012 2022 94
2013 5514 118
2013 5519 285
2013 5516 318
2013 5517 249
2014 4176 7
2014 4177 9
2014 5502 65
2015 4177 259
2016 2019 -21
2017 2018 -97
2019 2023 306
2020 2023 -4
2020 2021 -121
2022 2024 -25
2022 5521 -135
2022 5522 -40
2024 5519 209
2025 5280 83
2025 2027 99
2026 5441 87
2026 5440 -144
2028 5479 45
2028 5482 226
2028 2047 78
2029 5458 -195
2029 5442 -49
2030 5491 27
2030 2995 47
2031 3228 79
2032 5465 -25
2032 2036 60
2033 2035 76
2034 2474 -46
2034 2038 -80
2035 2037 -74
2035 2796 601
2035 2883 -33
2036 2041 37
2037 2038 -65
2037 2837 -120
2037 2883 50
2038 2994 -6
2039 2041 -312
2039 5521 -319
2040 2042 -29
2041 2042 59
2042 2043 159
2044 2048 5
2045 2994 257
2047 2047 0
2052 2617 -44
2053 5261 278
2053 5262 101
2054 5245 275
2054 2054 0
2056 3755 318
2056 3748 148
2057 2357 -16
2058 2059 419
2059 2822 55
2060 2795 -169
2061 2062 -86
2062 2901 23
2062 2794 -39
2063 3853 139
2063 3857 24
2064 2075 -9
2064 2081 222
2065 2066 -111
2065 2067 -31
2066 2068 250
2066 2073 19
2067 2070 -190
2067 2068 174
2068 2074 11
2069 2072 -341
2069 2114 -274
2070 2071 341
2071 2078 -190
2072 2076 83
2073 2074 242
2073 2077 -83
2074 2077 -322
2075 2523 -19
2077 2079 314
2078 2080 -74
2079 2081 110
2079 2083 -44
2080 2082 289
2080 2084 94
2081 2086 67
2082 2085 -227
2084 2087 166
2086 2523 -194
2088 2091 -86
2089 2199 -188
2089 2102 95
2090 2091 64
2090 2103 42
2092 2093 16
2092 2097 -213
2092 2096 -260
2093 2098 -138
2093 2119 -307
2094 2124 237
2094 2100 105
2094 2099 147
2095 2096 -36
2096 2097 55
2096 2116 -5
2097 2098 91
2097 2117 252
2098 2117 165
2099 2101 165
2099 2104 223
2101 2105 -5
2102 2103 -242
2102 2104 89
2104 2105 -63
2104 2124 -38
2106 2999 162
2106 2120 202
2107 2108 197
2107 2121 -37
2107 2109 180
2108 2110 -38
2108 2118 -73
2110 2118 -8
2110 2111 -134
2111 2880 25
2111 2113 224
2112 2114 -106
2114 2122 29
2114 2120 325
2115 2121 -5
2115 2118 109
2116 2117 308
2117 2119 -329
2119 2120 279
2123 2124 271
2125 3856 228
2126 3512 -114
2127 2130 126
2128 2129 317
2129 2130 -127
2129 2215 -40
2131 2132 -11
2133 2134 -102
2134 5255 285
2135 2141 -255
2135 2137 -349
2135 2209 -168
2136 2137 -209
2137 2138 62
2139 2140 104
2139 2141 142
2141 2142 143
2143 3294 56
2143 2144 288
2144 2144 0
2145 2207 112
2145 3738 57
2146 3738 -2
2147 2150 -296
2147 2148 -144
2147 2149 -103
2148 2150 -146
2148 2752 127
2151 2875 -6
2151 2155 326
2151 2870 337
2152 2875 -7
2152 2154 32
2152 2153 -32
2153 2155 421
2153 2875 28
2154 4275 55
2154 5159 294
2155 2871 -302
2156 2560 -120
2156 2157 -27
2157 2158 24
2159 2557 354
2160 2557 372
2160 3226 158
2161 2164 -315
2161 5405 33
2161 2163 -48
2162 2167 31
2164 2165 372
2165 2168 -220
2165 2166 -212
2166 2167 203
2167 2169 27
2168 3537 -29
2169 2172 66
2170 2171 14
2171 2172 108
2172 2173 -87
2173 2174 45
2176 2176 0
2177 2203 187
2178 2179 -57
2178 3878 137
2178 5005 205
2178 3874 283
2179 4998 147
2179 2180 -14
2180 5257 245
2181 3875 120
2181 4998 -55
2181 2182 21
2182 3886 169
2182 2184 -112
2183 5251 -23
2183 2185 -48
2184 2186 24
2184 2191 8
2185 5001 119
2185 2204 186
2186 2189 -127
2187 2205 -142
2187 5001 -48
2187 2188 9
2188 2189 -372
2188 2593 -89
2189 2190 231
2190 4937 4
2191 2624 531
2192 4996 -113
2192 2193 -11
2192 2204 194
2193 2194 -141
2193 4996 84
2195 2197 321
2196 2197 180
2197 2198 -121
2198 4166 -120
2198 2199 -118
2199 2594 442
2200 2202 -322
2201 2203 132
2202 5251 179
2202 2204 418
2203 5252 32
2204 4995 -254
2205 4995 -91
2207 5259 -131
2208 5259 -105
2209 3489 -51
2209 3484 176
2210 3489 -262
2211 2555 -80
2212 2555 179
2213 2214 -118
2215 2216 -86
2216 2216 0
2217 4137 64
2217 2503 60
2218 4137 44
2219 4135 17
2219 2503 126
2220 4135 113
2220 2221 63
2220 2222 122
2223 2224 271
2224 2225 -323
2224 5215 -195
2225 2226 207
2227 2998 -189
2228 2998 -160
2229 2230 274
2231 3803 235
2231 2310 -142
2232 2248 190
2232 2236 -108
2232 2310 -193
2233 2245 -49
2233 2238 -85
2233 2234 133
2233 2247 -113
2234 2237 -141
2234 2318 -255
2234 2240 -242
2235 2241 -97
2235 2236 -214
2235 2243 -220
2236 2244 90
2237 2238 11
2237 2240 -89
2237 2243 10
2238 2246 18
2238 2244 94
2239 2248 293
2239 2319 40
2239 2264 300
2240 2242 172
2241 2242 -48
2241 2319 -134
2242 2243 24
2243 2244 95
2244 2311 158
2246 2247 -14
2246 2311 233
2247 2314 52
2248 3735 -235
2249 2251 -102
2249 3735 -71
2249 2250 169
2252 2264 -4
2252 2257 45
2252 2256 -79
2253 2254 71
2253 2256 172
2253 2262 71
2254 2261 70
2254 2255 -56
2255 2259 339
2255 2256 211
2255 2258 5
2257 2320 -57
2257 2319 -298
2258 2260 300
2258 2320 292
2259 2322 -358
2259 2260 -34
2259 2261 -151
2260 2321 -165
2261 2322 -159
2261 2262 19
2262 2263 58
2264 2265 36
2265 2275 -101
2265 2273 -205
2265 2272 -197
2266 2267 369
2267 2270 -201
2267 2275 -228
2267 2268 -306
2269 2270 -114
2270 2271 9
2270 3483 96
2274 2275 -45
2275 2276 -24
2277 2278 -15
2277 2280 -141
2277 2279 -25
2278 2280 -108
2278 2279 5
2278 2282 -102
2279 2321 -61
2279 2320 152
2280 2281 97
2281 2282 -22
2281 2322 -145
2282 2321 45
2282 2322 -106
2283 2284 -240
2283 2317 78
2284 2285 27
2284 2286 366
2287 2288 188
2288 4072 -10
2289 2290 240
2291 2292 114
2293 2293 0
2294 2297 296
2294 2296 183
2295 2296 179
2295 2298 38
2297 2298 -183
2297 3504 -190
2298 2299 45
2300 2301 -194
2302 5374 159
2303 5374 0
2304 2305 34
2304 2953 -15
2306 2307 -226
2308 2802 -22
2310 2311 338
2312 2315 86
2324 2326 65
2324 2331 223
2324 4127 304
2325 4127 221
2326 2633 251
2326 4126 58
2328 2329 5
2328 4867 234
2330 2332 188
2331 2632 -189
2331 2631 66
2332 2333 -9
2332 2630 -25
2333 2334 1
2334 2335 10
2336 2337 457
2336 5477 12
2338 5561 -221
2340 2455 8
2340 2959 227
2341 5376 70
2343 4162 -92
2343 3086 -235
2343 5567 -262
2344 3540 -219
2345 3055 -100
2345 2694 6
2346 2865 -62
2346 5206 65
2347 5206 173
2348 2349 85
2348 4988 114
2348 2537 272
2349 2350 223
2350 2352 20
2351 2352 125
2351 2830 182
2352 2354 292
2352 5201 265
2353 2355 287
2353 5201 326
2355 3945 -251
2356 3945 -144
2358 2359 320
2359 2361 -8
2359 2360 -206
2361 2361 0
2362 2551 -49
2363 2551 50
2364 2368 -143
2364 2708 9
2364 2365 -73
2366 2708 160
2366 2368 186
2367 2369 -52
2369 2708 -65
2369 2370 80
2371 2706 340
2372 2706 -69
2373 2374 -200
2373 2707 -143
2374 2705 -69
2375 2705 -124
2376 2843 162
2376 2377 304
2376 2379 261
2378 2379 365
2380 2844 267
2380 2381 374
2382 2383 42
2382 3038 354
2382 2384 69
2383 2384 54
2383 2385 320
2385 2386 63
2385 2387 -70
2386 4826 -55
2388 5120 65
2389 5121 -146
2389 2391 43
2390 5121 -117
2391 5127 -235
2392 5127 -20
2392 5126 -23
2392 3320 4
2393 5126 -208
2394 4880 251
2394 2395 512
2395 2396 -166
2395 3318 3
2397 2398 -72
2399 2400 66
2400 2445 116
2401 2448 -50
2401 2402 -123
2401 2403 -239
2403 2404 189
2405 2406 129
2405 3532 57
2407 2408 -40
2407 3532 -116
2409 2410 37
2411 2412 -137
2411 2411 0
2412 4804 222
2413 2414 -200
2414 3253 99
2415 5087 -14
2416 5087 22
2416 2420 115
2416 2417 -95
2418 2420 10
2419 2420 262
2421 2422 8
2423 2776 -13
2423 2996 -102
2424 2996 23
2425 4569 -75
2425 3786 92
2425 3785 -198
2427 2428 150
2428 5184 -18
2428 2430 -82
2429 5189 -24
2431 5184 -154
2432 3327 -84
2432 2433 232
2435 5143 -50
2436 5143 -64
2437 2439 36
2438 5144 133
2438 5145 -167
2440 5145 -191
2440 5017 10
2441 5128 129
2441 2442 143
2441 2443 279
2444 4722 -140
2445 2447 48
2446 5092 189
2448 2449 -41
2451 5116 131
2451 4805 288
2452 3973 198
2452 4797 83
2452 5108 237
2453 2454 199
2455 2937 347
2455 2938 293
2456 2457 191
2457 2938 178
2458 4905 -126
2458 4914 -80
2459 2942 35
2460 2461 273
2462 3368 78
2463 2464 135
2465 4875 188
2466 4873 -259
2466 4875 50
2467 2960 -14
2468 2960 -68
2469 5375 42
2470 3036 19
2470 5375 90
2472 2473 323
2473 3228 -63
2473 2839 -23
2474 3348 -5
2475 4893 141
2475 3076 -6
2475 4575 178
2476 2478 223
2477 2480 235
2478 2482 147
2478 2480 74
2479 2482 302
2481 2482 192
2483 4279 477
2483 4514 124
2483 5181 388
2483 5419 214
2485 2486 -10
2485 3766 13
2486 3756 235
2487 2488 178
2487 3269 478
2487 3774 359
2488 2489 28
2488 3768 167
2489 3913 293
2490 3356 -196
2490 3351 82
2490 3357 -187
2491 5637 -61
2493 2629 186
2493 4701 232
2494 2495 -17
2494 4132 -38
2495 2496 22
2495 4132 12
2496 4146 -48
2497 3213 215
2497 4713 166
2498 4146 -32
2498 3213 364
2498 4144 272
2503 4129 -65
2504 3476 410
2504 2505 424
2504 2855 1014
2505 2637 -154
2505 2712 -64
2506 2507 101
2508 3483 265
2508 2509 89
2511 2514 -80
2512 2516 -72
2512 2513 -132
2515 2516 66
2517 2975 -142
2517 2518 -148
2518 2519 73
2520 2521 -219
2522 2523 -209
2524 4175 218
2524 2525 -133
2524 2526 -25
2525 2528 379
2525 2527 201
2526 4174 3
2526 2527 93
2527 2529 226
2528 2530 -183
2528 2529 46
2528 4172 -53
2529 2532 6
2530 2532 232
2530 2531 42
2533 2534 77
2535 3975 108
2536 3680 498
2536 3197 421
2537 5213 -19
2537 4987 -32
2538 2539 -25
2538 2540 25
2539 4286 -285
2542 2547 -107
2543 2546 -10
2543 2545 332
2546 2546 0
2548 2549 -143
2548 3224 205
2550 2552 175
2551 2554 161
2552 2553 -130
2553 2556 43
2554 2555 -102
2555 3226 183
2556 3513 430
2556 2557 454
2557 2558 -187
2558 2559 -42
2558 3002 332
2559 2560 236
2561 2562 96
2563 2584 57
2564 2566 230
2564 2565 -56
2566 4533 49
2566 4536 -251
2567 3674 -170
2568 4536 -177
2569 4532 -211
2569 3094 -176
2570 3904 20
2570 3902 -131
2570 2571 -140
2571 2579 326
2571 2572 59
2572 2573 71
2572 2574 -36
2573 2577 18
2573 2574 -107
2573 3901 -97
2574 2575 188
2575 2581 -221
2575 2576 -240
2577 2578 -73
2578 2580 256
2579 2580 8
2579 4294 -74
2580 2581 -339
2581 2582 114
2585 4283 -238
2586 3926 67
2587 2801 159
2587 3232 323
2588 3484 235
2588 2589 -74
2589 2591 -12
2589 5258 144
2590 3736 2
2590 2592 123
2591 5260 52
2592 5249 -171
2593 2594 410
2595 2596 102
2595 2865 54
2595 2863 195
2596 2597 -203
2598 2599 -93
2598 2713 -15
2599 2715 -47
2600 2716 66
2600 2714 151
2600 2601 364
2602 2720 -72
2602 2718 144
2603 4062 131
2604 2605 -31
2605 2963 155
2606 2607 387
2608 2613 212
2608 2996 -166
2611 2612 16
2613 5404 -93
2614 4173 139
2614 3401 0
2615 2616 -26
2617 5271 119
2617 5272 126
2619 5248 -83
2620 3892 -42
2620 5000 -175
2621 4136 -97
2621 4138 -66
2621 3239 -146
2622 4994 214
2622 3886 181
2623 4944 -122
2623 4946 -33
2624 3951 -320
2624 4947 -116
2625 4944 -145
2625 4948 18
2626 4948 101
2626 4947 -71
2626 2627 130
2627 4945 -271
2627 4943 18
2628 4131 -126
2628 4145 18
2628 3871 82
2629 2631 235
2629 4145 236
2630 2632 -104
2630 4131 11
2631 4142 -109
2632 4127 321
2633 4139 -303
2633 4142 -190
2634 2635 301
2635 2636 509
2635 5648 -3
2636 3229 157
2637 2642 652
2638 2639 80
2638 3280 347
2638 3995 183
2640 3282 551
2640 2641 136
2641 2643 58
2642 2643 -51
2642 2644 70
2644 2647 -76
2645 2646 66
2646 2653 -267
2647 2649 67
2648 2649 -90
2649 2654 172
2650 3914 -9
2651 2656 94
2652 2656 52
2652 2657 268
2653 2658 96
2653 4032 95
2654 3914 148
2654 2660 222
2655 2660 8
2656 2657 220
2656 2659 139
2657 2658 -244
2657 2695 -138
2658 2696 -11
2659 2695 -58
2659 3918 -84
2660 3917 0
2661 3918 0
2661 2663 268
2661 2696 -51
2661 2662 292
2662 2664 -72
2664 2667 -38
2666 2668 34
2667 2699 158
2667 2668 82
2669 2670 200
2669 4048 30
2672 5045 -247
2672 5046 -126
2672 2980 115
2673 4234 308
2674 2702 85
2675 2676 22
2675 2800 -26
2677 2678 39
2677 2808 283
2679 3227 36
2680 3939 158
2680 2765 161
2680 3340 487
2681 2682 -205
2682 3941 329
2682 2684 464
2683 3941 302
2683 3939 256
2684 3941 242
2687 3547 410
2688 3189 174
2688 3191 357
2689 3314 103
2689 3313 -262
2689 3180 82
2690 4553 23
2690 2691 81
2690 4552 0
2691 4551 183
2691 4552 -10
2692 3432 -34
2692 3053 -58
2692 3953 125
2693 3432 48
2693 3092 -144
2693 2694 594
2693 3444 12
2694 3052 -139
2695 2696 -117
2696 2697 145
2698 4017 82
2698 4013 -137
2698 2699 -8
2700 5089 170
2700 2701 6
2701 2701 0
2702 4234 -55
2704 3194 103
2704 3079 166
2707 4720 -23
2709 3364 306
2709 2824 113
2710 4228 -127
2710 3355 -128
2710 3353 -100
2711 3474 -49
2711 2712 119
2713 2714 -52
2715 2717 -3
2715 2720 133
2716 2718 324
2717 5203 40
2717 5206 534
2718 5199 37
2719 3327 -156
2719 5166 -153
2719 5164 -109
2719 3335 -21
2720 5198 -17
2721 5124 -186
2721 5125 75
2722 2723 -111
2723 2724 498
2725 4416 -26
2725 3225 -159
2725 3657 35
2726 4408 266
2726 4402 178
2726 4403 379
2727 4404 -73
2727 4406 40
2728 4458 196
2728 3727 -85
2728 3697 38
2728 2748 -64
2729 3715 88
2729 3714 -27
2729 3698 239
2730 4465 -67
2730 3723 -182
2731 2767 -112
2731 5155 -158
2732 2733 -64
2733 2734 318
2733 5155 159
2735 3720 188
2735 4454 27
2735 4455 282
2736 4489 -114
2736 4455 253
2736 2737 405
2737 2738 66
2737 4489 -226
2738 4487 214
2738 4479 226
2739 2740 76
2739 4487 251
2739 2744 394
2739 4480 248
2740 2741 -23
2740 4486 352
2741 2742 308
2741 4486 410
2741 2744 497
2742 4486 391
2743 4484 86
2743 4474 1163
2743 4479 299
2744 4479 -87
2745 4485 55
2745 4478 124
2746 2747 -194
2746 4476 -203
2746 4478 140
2746 4477 -35
2747 4475 63
2747 4476 57
2748 3724 365
2748 3727 20
2748 3716 179
2749 4460 -259
2749 3716 -229
2749 3719 10
2750 3710 113
2750 2751 256
2750 4453 324
2751 3721 190
2751 4453 220
2752 5136 5
2752 2753 86
2754 3291 84
2754 3479 -9
2754 2990 66
2755 2756 255
2755 3519 46
2755 3516 -10
2756 2757 -249
2756 2760 -197
2757 2759 184
2757 3519 52
2758 2761 216
2759 2760 -118
2759 2989 198
2760 2761 195
2761 3042 -48
2762 3043 12
2762 3479 478
2763 2982 9
2763 2764 235
2763 2985 105
2764 3043 -65
2766 4512 116
2766 5183 348
2766 4513 106
2767 5183 118
2767 4960 38
2768 2769 -83
2769 4791 105
2769 4789 207
2770 2771 14
2772 2773 221
2776 2997 206
2777 2997 -37
2778 2779 -208
2778 2998 -321
2779 3187 -22
2779 3186 86
2779 5380 -35
2780 2998 33
2780 5385 229
2781 5022 -23
2781 5103 -175
2781 5104 129
2782 2785 230
2783 2786 337
2784 5104 245
2784 2785 227
2784 3775 141
2785 2786 2
2786 2787 -92
2788 5331 144
2788 2789 33
2788 5594 209
2789 5333 231
2789 5336 -44
2790 5557 -257
2791 2792 238
2791 2936 164
2792 5566 -78
2794 5554 282
2794 2795 -93
2796 2804 -250
2797 2805 -251
2797 2799 -56
2798 2804 -80
2798 2800 -55
2799 2803 0
2801 3231 120
2803 2804 -204
2804 2805 33
2805 2806 25
2805 2807 13
2806 2807 32
2808 3938 94
2809 4787 447
2809 4351 454
2810 3551 388
2811 3300 -132
2811 5398 -91
2812 5583 -103
2812 5328 -108
2812 2813 43
2812 5591 -11
2813 5295 -209
2813 5296 -136
2814 2815 58
2814 5321 127
2816 2818 -154
2816 2817 -38
2818 2819 295
2818 4076 167
2820 2821 106
2822 3072 372
2823 3340 304
2824 3352 3
2824 2825 -115
2825 4933 88
2826 2827 -18
2826 3359 216
2828 3337 -120
2828 5170 160
2828 5150 114
2828 3329 -160
2829 4292 -40
2829 3324 110
2829 5148 -57
2830 5200 52
2830 5201 206
2832 3116 50
2832 3102 -176
2832 3101 -95
2833 2834 -49
2835 2836 8
2837 2994 46
2838 2994 141
2839 2841 208
2840 2841 37
2841 5417 336
2843 2844 112
2845 2846 -244
2846 4832 312
2847 5119 -129
2848 3473 -219
2849 3558 158
2849 3559 60
2849 4082 58
2850 2851 180
2850 4081 201
2851 2852 -33
2853 2854 -132
2853 3559 225
2853 2855 170
2854 2855 306
2854 3473 676
2856 3476 180
2856 3473 -13
2856 4251 219
2857 2858 -36
2857 2993 -72
2858 3813 365
2858 3561 61
2859 3561 -170
2859 3560 193
2859 2993 -104
2860 2861 -65
2860 4073 60
2863 2864 -257
2863 2865 -69
2867 2868 308
2869 4559 638
2869 3685 113
2869 3683 -15
2871 2872 231
2871 2873 90
2871 4269 204
2872 3193 -149
2872 3192 -154
2872 4271 152
2872 4273 -92
2874 4270 110
2877 2878 3
2878 2879 111
2881 4025 -56
2881 2882 6
2884 3826 -81
2886 5608 344
2887 5599 161
2887 5343 -10
2888 5597 -32
2889 5597 78
2889 5341 198
2889 5345 12
2890 5593 347
2891 5593 243
2891 5328 83
2891 5331 150
2892 5576 357
2892 5305 415
2892 5307 246
2893 5305 116
2893 5575 -100
2894 2895 -132
2896 3804 57
2896 5319 64
2896 2897 301
2900 5555 211
2901 5555 -5
2902 2903 -23
2904 5594 256
2906 5557 67
2907 5281 244
2907 5282 191
2908 2923 90
2908 3322 157
2909 4963 -17
2910 2911 -176
2911 2913 106
2911 2912 277
2912 2915 151
2914 2915 253
2916 2917 400
2920 2921 267
2922 2923 27
2924 2925 -135
2925 3048 598
2926 2927 59
2927 2929 201
2927 2930 133
2928 2929 135
2930 2932 -28
2930 2931 10
2933 2934 174
2934 3215 239
2935 2936 125
2937 2938 28
2939 2940 -125
2940 4925 53
2940 4915 -125
2941 2942 -164
2942 4711 49
2943 2951 -8
2943 2944 -39
2945 2951 98
2945 2946 56
2948 2949 328
2949 5453 -292
2949 4910 90
2949 3350 -174
2950 2951 94
2952 2953 253
2954 2955 55
2955 2957 166
2956 2957 -101
2958 2959 -204
2959 3073 239
2959 2960 110
2961 2995 -146
2962 2995 -346
2962 5545 -109
2963 2964 42
2965 5569 -169
2966 2967 -78
2968 5067 -59
2968 4637 153
2969 4846 84
2969 2970 343
2971 2972 159
2972 2973 -311
2973 2974 223
2974 2975 -189
2977 2979 220
2977 2978 36
2978 2979 203
2979 5071 65
2980 5071 -150
2981 3042 -59
2981 2982 -39
2981 2989 130
2982 2984 -144
2983 2987 144
2983 2986 80
2983 2984 -131
2983 2985 124
2984 2985 262
2987 2988 58
2987 2989 77
2988 3522 49
2988 3521 -200
2989 3524 -281
2990 3529 167
2991 3291 82
2991 2992 -141
2995 5488 165
2999 3000 143
3000 3006 53
3000 3001 -52
3001 3018 106
3001 3004 236
3001 3006 197
3002 3010 -230
3002 3004 45
3002 3008 -136
3003 3018 4
3004 3848 -57
3004 3010 -230
3005 3856 -35
3005 3848 -22
3005 3006 0
3007 3011 326
3007 3008 203
3007 3010 126
3008 3010 -68
3008 3009 -39
3010 3018 193
3011 3017 -92
3011 3018 26
3011 3016 98
3012 3855 -78
3012 3017 -116
3013 3850 14
3013 3852 -101
3014 3015 202
3015 3850 75
3016 3017 -105
3019 3230 37
3020 3025 -109
3020 3230 17
3020 3029 98
3021 5613 92
3021 3023 88
3021 5605 28
3022 3026 -124
3022 3024 -86
3022 3025 -248
3023 3029 -3
3023 3026 -64
3024 3025 -138
3024 3027 -132
3026 3027 -94
3027 3029 167
3028 3029 -132
3030 3859 -43
3031 3033 -164
3031 3032 12
3032 3033 -118
3032 3034 155
3035 3036 -63
3039 3040 9
3040 3041 -26
3042 3043 106
3043 3044 14
3045 3046 210
3048 4124 175
3048 3049 33
3049 4963 403
3049 4124 296
3050 3053 -90
3051 3053 -185
3051 3195 310
3051 3092 -17
3052 3092 204
3052 3055 87
3053 3079 295
3054 3468 220
3054 3092 -13
3054 3465 193
3056 3057 89
3058 5117 136
3059 5117 233
3060 3218 -40
3060 3543 -212
3060 3566 62
3061 3062 -116
3062 5243 573
3063 3064 353
3065 3066 17
3066 3571 -64
3067 3571 -95
3067 4523 883
3067 5179 35
3069 4648 -118
3069 4646 -98
3069 4640 -47
3070 4648 -23
3070 3265 162
3074 3579 65
3074 3075 379
3075 3076 98
3075 3578 112
3076 3312 233
3077 4952 -274
3079 3195 204
3080 3530 -42
3080 4991 -41
3081 4757 263
3081 4990 222
3081 4991 114
3082 3085 -208
3082 3802 -90
3082 3086 -269
3083 3084 430
3083 3802 165
3083 3185 498
3084 4571 -162
3084 3085 -163
3085 4570 1
3085 3086 -57
3087 3194 78
3087 3675 74
3088 4371 -76
3089 3090 139
3089 4371 -182
3090 3091 -72
3090 4371 -293
3091 3564 211
3093 4296 190
3093 4286 -101
3094 4286 -143
3095 3210 143
3096 3205 -16
3098 4806 64
3098 4823 -100
3098 4807 -274
3099 4817 7
3099 4823 -28
3099 4821 -7
3100 4811 249
3100 4812 232
3100 4816 156
3101 3129 154
3101 3593 101
3102 5230 402
3102 3115 135
3104 3138 151
3104 4302 108
3105 3106 -4
3105 4338 215
3105 3171 -146
3105 4390 2
3106 4388 291
3106 3137 8
3107 3120 -112
3107 3108 -109
3107 4377 55
3109 4507 110
3109 3600 86
3109 4504 253
3110 4506 -160
3111 3128 -213
3111 4379 260
3111 4511 -121
3112 3113 -270
3112 3592 -28
3112 3171 -228
3112 3114 -140
3113 4388 346
3113 3137 83
3114 3136 127
3114 3596 -75
3114 3594 38
3114 3160 72
3115 4346 366
3115 4344 40
3116 4329 27
3116 3117 83
3117 4330 -110
3117 4331 -213
3118 3119 149
3119 3121 156
3119 3120 140
3120 3121 56
3121 3139 463
3121 3122 319
3122 3140 134
3123 4313 199
3123 3146 161
3123 3126 158
3124 5235 -31
3124 3591 544
3124 3125 -125
3125 4319 121
3125 4318 167
3125 4317 142
3126 3127 38
3126 4319 61
3128 4339 -39
3128 4342 161
3129 4343 -75
3129 3130 72
3130 4343 -124
3130 4342 -185
3130 3131 34
3130 4339 -276
3131 4343 -92
3131 3132 -104
3132 4340 -35
3132 3133 311
3134 3136 63
3134 3135 -78
3134 4303 -74
3137 4389 131
3138 4307 -178
3138 4302 -25
3139 3570 493
3139 4302 274
3140 3302 134
3141 3178 601
3141 3142 -101
3141 5370 23
3142 5370 170
3143 4381 -179
3143 3144 -225
3143 4324 -246
3144 3145 126
3144 4323 207
3145 4324 88
3145 3146 357
3146 3594 -175
3147 3148 114
3148 4381 -13
3148 3149 150
3149 3150 24
3149 4381 -68
3150 3153 340
3150 3591 -78
3151 3154 -162
3151 3153 80
3151 3176 -58
3152 3154 86
3152 3158 494
3152 3172 414
3153 3154 -226
3154 3172 371
3155 3172 308
3156 3157 -9
3157 3161 141
3157 4386 277
3158 3159 -11
3158 4384 80
3159 3161 -111
3159 3160 -68
3160 3592 120
3160 3595 124
3161 3592 179
3162 3170 -57
3163 3170 378
3163 4391 195
3163 3164 159
3163 3165 170
3165 3175 73
3165 3169 270
3165 3166 55
3166 3174 230
3166 4392 24
3167 3173 308
3167 3168 198
3167 3176 -37
3170 3171 -36
3172 3173 119
3173 3174 -48
3174 3175 -7
3175 3601 103
3176 4393 473
3177 3178 -93
3178 3301 153
3180 3685 65
3180 3982 98
3181 4150 180
3181 4992 174
3182 3911 -100
3183 3184 -8
3184 3786 332
3184 4569 -125
3185 4760 -221
3188 4975 -63
3189 3190 150
3193 4272 145
3193 4274 398
3194 3675 -1
3194 3195 269
3198 3199 67
3198 5016 373
3198 5224 114
3199 3888 -38
3199 5223 60
3199 5221 373
3201 3208 219
3202 3204 -8
3202 3203 -202
3203 3211 248
3203 3204 200
3204 3205 -134
3205 3207 287
3206 3207 21
3207 3208 234
3208 3212 -40
3209 3214 554
3209 3210 68
3209 3211 406
3210 3211 361
3212 3888 415
3213 3214 47
3214 4701 -157
3216 3305 83
3217 3806 465
3217 5392 630
3218 3567 115
3219 5032 -225
3220 5032 -327
3220 3221 -213
3221 5031 211
3222 5031 327
3223 4361 68
3223 4359 40
3225 4426 -62
3225 3497 123
3228 5444 101
3229 5390 191
3229 5664 194
3230 5553 19
3230 5613 120
3231 3232 93
3233 3929 -154
3233 3234 -300
3234 3234 0
3235 3929 57
3235 3236 -17
3237 3869 168
3237 3945 -129
3237 3946 -93
3238 4134 157
3238 3880 -101
3238 3240 -110
3239 4134 234
3240 3880 25
3240 3887 38
3241 5054 127
3242 5052 13
3243 5053 632
3244 4632 -186
3244 4633 128
3245 3248 -156
3245 3246 -33
3247 3248 -56
3248 3250 218
3249 3250 380
3250 3251 69
3251 3253 -33
3251 3252 -23
3253 3254 59
3255 3256 148
3256 3841 -68
3257 4009 88
3257 3258 91
3259 4005 393
3259 3260 387
3261 3262 -217
3262 4010 63
3263 3264 -162
3264 4006 197
3264 3988 252
3266 4644 133
3266 3496 54
3267 4300 -188
3267 5041 -121
3268 4075 293
3271 3272 354
3275 3276 301
3276 4031 -169
3278 3279 49
3279 4000 -58
3281 3282 466
3284 3285 171
3284 3286 30
3289 4044 -132
3290 4022 40
3290 4044 -143
3291 3479 -77
3292 3293 217
3293 4789 114
3294 3295 258
3296 3297 202
3299 5243 283
3299 4516 307
3299 5188 355
3300 5397 119
3301 3302 213
3305 4716 -91
3306 3307 83
3307 3308 -37
3307 4711 -287
3309 3310 -59
3310 3311 -90
3311 5424 62
3312 4895 166
3312 4894 146
3313 3685 408
3313 4556 45
3314 4558 -58
3314 4557 -251
3315 5147 145
3316 5147 279
3317 3318 191
3318 3319 -114
3321 4881 99
3323 3493 55
3324 5195 -234
3325 3326 352
3325 5164 83
3325 5167 334
3326 3335 -187
3326 3336 -350
3327 5166 24
3328 5163 -164
3328 5140 -214
3328 5162 -86
3328 3331 -12
3329 3337 47
3329 3333 89
3330 3332 -90
3330 4292 -79
3330 5149 118
3331 3333 -133
3331 3334 161
3332 5168 247
3332 3336 -106
3333 5162 87
3334 3335 -182
3334 5166 -302
3336 5167 358
3337 5149 309
3339 3340 110
3341 3342 -228
3342 3344 215
3343 3344 189
3345 3346 -9
3347 3348 145
3349 3350 49
3350 5474 29
3351 4933 -196
3352 4933 -51
3353 4229 346
3353 3354 401
3354 5625 -202
3354 4567 126
3355 3356 322
3355 4063 418
3356 4118 221
3357 4228 -56
3357 3359 248
3358 3359 31
3359 4229 70
3360 3363 196
3361 3362 21
3362 3390 -83
3363 3364 -117
3363 3388 -172
3365 3366 263
3367 3371 244
3368 3369 34
3368 3371 -59
3370 3371 33
3372 3373 -239
3375 3377 -239
3375 3376 -77
3379 3384 59
3381 3384 -102
3381 3382 5
3383 3384 -104
3385 3386 -158
3386 5618 303
3387 3388 116
3389 3390 -27
3391 5072 206
3392 3393 150
3394 3395 -44
3395 3404 52
3395 3402 -109
3396 3402 -35
3397 3399 -6
3398 3399 -161
3399 3403 125
3400 3401 -256
3403 3404 23
3405 3406 245
3406 3408 1
3407 3408 18
3409 3410 93
3410 3845 29
3411 3412 -281
3413 3414 131
3415 3416 156
3416 3417 267
3418 3419 -112
3419 4474 386
3420 3421 147
3422 3424 338
3422 3423 432
3424 3425 54
3426 3427 22
3427 3429 4
3427 3441 183
3428 3429 -126
3429 3431 109
3430 3431 236
3431 3442 -266
3432 3440 67
3433 3434 141
3434 3440 51
3434 3438 -82
3434 3437 174
3435 3438 -310
3436 3437 112
3437 3438 -251
3439 3440 -22
3442 3444 184
3442 3443 327
3444 3445 -49
3446 3447 79
3447 3511 447
3447 3448 146
3448 4630 187
3448 3449 -160
3450 3452 103
3450 3451 144
3451 3454 -89
3451 3452 -25
3453 3454 -28
3455 3456 139
3457 3462 461
3457 3460 387
3458 3460 25
3459 3460 281
3461 3511 367
3461 3462 296
3463 3464 27
3465 3466 6
3467 3468 -124
3469 3470 8
3470 3471 132
3470 3472 238
3474 4246 327
3474 3475 18
3476 3477 67
3478 4698 -164
3480 3481 -84
3482 3483 182
3484 3485 -186
3485 3488 8
3485 3489 -21
3485 3490 180
3486 3487 250
3487 3490 26
3490 3491 -181
3492 5258 83
3493 3494 67
3493 3495 228
3494 3496 -22
3494 3495 171
3498 3499 217
3498 4445 194
3499 3500 179
3499 4443 55
3502 3503 238
3504 3505 144
3506 3507 66
3508 3509 34
3509 4312 131
3510 3511 207
3512 3513 214
3513 3849 -54
3514 3519 -83
3515 3518 -26
3515 3516 -96
3515 3519 -40
3516 3517 261
3520 3521 -234
3521 3524 -101
3523 3524 -74
3525 4224 -42
3525 4263 209
3525 5620 36
3526 5433 13
3526 3527 171
3526 3528 206
3526 4239 311
3527 5629 105
3528 4262 134
3528 4240 -78
3530 3538 66
3531 3532 244
3533 3534 -199
3535 3537 -84
3536 3537 67
3538 3539 -99
3539 3540 106
3543 3545 55
3543 3544 306
3544 3545 -7
3548 3972 -189
3548 3549 9
3548 3550 131
3548 3557 193
3550 4353 -167
3550 3972 -203
3551 3555 -24
3552 3553 426
3553 3555 54
3553 3972 3
3554 3555 473
3556 3557 442
3559 3560 474
3560 4368 -205
3561 4368 175
3561 3813 344
3562 4367 -127
3568 3569 30
3568 4517 630
3568 3585 105
3569 3586 430
3570 4338 -3
3572 3577 -25
3572 3573 67
3574 3577 -144
3574 5414 115
3575 3576 302
3575 5409 237
3576 5410 -130
3580 4518 237
3580 3581 137
3580 3582 291
3582 4520 -129
3582 4519 1
3583 4517 150
3583 4523 346
3583 4521 387
3584 3585 35
3585 4530 232
3586 4524 325
3586 3590 -49
3587 4528 127
3587 3588 310
3587 4525 -32
3588 3590 -288
3588 4526 -63
3589 3590 -24
3594 4313 311
3594 4326 293
3595 4326 249
3595 4327 143
3596 4313 405
3596 4314 329
3597 3598 -163
3598 4395 209
3598 3599 242
3600 4511 -281
3600 4337 79
3602 4441 22
3602 3648 101
3603 3607 65
3604 3605 -65
3604 4437 263
3604 4439 -100
3605 3607 402
3605 4438 113
3606 3647 271
3607 3647 -72
3608 3612 -22
3608 4427 -12
3608 4428 8
3609 4433 -58
3609 3616 218
3609 3610 127
3609 3611 135
3611 4428 95
3611 3612 82
3612 4429 -50
3612 3613 -87
3613 4433 -75
3613 4429 73
3613 3614 231
3615 4428 330
3616 3620 282
3617 3628 261
3618 4435 226
3618 3622 227
3618 3627 -116
3618 3628 64
3619 3623 63
3619 3622 298
3619 3620 256
3620 3649 -116
3621 3626 -12
3622 3626 -99
3622 3623 -219
3623 3624 -40
3623 3628 213
3624 3629 174
3624 3625 231
3625 3634 102
3625 3644 -16
3626 3627 -62
3627 4434 357
3627 4436 235
3628 3629 -76
3629 3630 13
3630 3662 333
3630 3650 -24
3631 3652 -147
3632 3662 295
3632 3652 -31
3632 4403 119
3633 3635 76
3634 3635 -52
3634 3649 -154
3635 3638 197
3636 3641 -148
3636 3667 -73
3636 3661 28
3637 3649 -32
3637 4418 -35
3637 3638 138
3638 4418 -145
3638 3639 79
3639 3661 45
3639 3660 21
3640 3643 -167
3642 3643 -128
3643 3644 153
3644 3650 -36
3645 4403 238
3645 3646 423
3645 4419 312
3646 3664 81
3646 3665 -305
3647 3648 155
3648 3649 -186
3650 3663 105
3651 4414 272
3651 4412 350
3651 3656 -34
3652 4404 -51
3653 4413 -58
3653 4412 192
3653 3655 191
3654 4410 487
3654 4408 527
3654 3655 409
3655 4413 -200
3656 4416 298
3656 4417 16
3657 4417 -70
3658 3659 326
3659 4402 28
3659 4426 -311
3659 3660 -144
3660 4425 149
3661 4424 12
3662 3663 -271
3663 3664 318
3664 3665 -360
3665 3666 220
3666 3667 125
3666 4423 8
3667 4423 -106
3668 3669 -17
3669 4513 -80
3669 4512 -5
3670 4543 190
3671 3672 220
3672 3673 -228
3673 3676 225
3674 4282 118
3677 3681 -26
3677 3678 60
3679 3680 397
3682 4539 168
3683 3684 181
3686 3687 62
3687 4975 -98
3687 3688 211
3687 4287 -51
3689 4540 -115
3690 4540 43
3690 4539 715
3691 3692 248
3692 3696 -309
3692 3693 -76
3694 3697 -123
3695 3696 6
3696 3697 238
3697 3727 -111
3698 3724 84
3698 3700 -150
3699 3700 -97
3700 3701 251
3701 3705 -105
3701 3704 -56
3702 3703 396
3702 3705 113
3702 3706 361
3705 3714 -20
3707 4452 105
3707 4454 151
3707 4455 510
3708 4452 90
3708 3726 285
3708 4471 -4
3709 4461 159
3709 4462 76
3709 3710 -55
3710 3713 192
3711 4457 367
3711 4456 74
3712 3713 -3
3712 3717 133
3712 4456 -154
3713 3725 178
3714 3726 344
3715 3719 217
3715 3724 244
3715 3725 127
3716 4459 235
3717 3718 19
3717 4456 -229
3718 4460 -181
3718 3719 14
3720 3721 3
3722 4474 239
3722 4473 409
3723 4458 212
3725 3726 108
3728 4469 -92
3728 4470 45
3729 3730 396
3729 3731 6
3729 4400 432
3731 4399 268
3731 4401 339
3732 4399 -186
3732 4398 -14
3733 4399 331
3734 3803 5
3735 3803 441
3736 3737 -110
3737 3738 443
3738 5253 -58
3739 5253 30
3739 5252 -7
3743 3744 -67
3745 3746 1
3747 3748 2
3750 3753 -3
3754 3756 163
3754 4962 249
3754 3755 340
3755 3756 -66
3757 3758 108
3759 3760 277
3761 3762 177
3762 3763 -168
3762 3764 -105
3765 3766 288
3766 3767 47
3769 3774 5
3769 3771 -230
3769 3770 -250
3771 3772 -20
3773 3774 234
3775 3839 46
3776 3777 92
3778 3779 -27
3778 3780 102
3781 3782 -291
3782 4590 218
3782 4591 262
3785 3802 232
3785 4569 140
3787 3797 -79
3787 5434 104
3787 3788 -179
3788 3791 397
3788 3789 -35
3789 3792 292
3789 3798 188
3790 3911 -49
3790 3791 152
3790 3792 171
3791 3911 -189
3792 3793 -155
3793 4568 447
3793 3801 15
3794 3800 152
3794 3795 -143
3794 5435 187
3796 3797 38
3797 3798 65
3798 3799 -9
3799 3801 -37
3799 3800 281
3800 3801 -297
3804 3805 112
3806 5656 -209
3807 3981 156
3808 5654 -312
3808 5653 -26
3809 3961 -234
3809 3956 -20
3809 3962 11
3810 4491 46
3810 3811 11
3814 4299 209
3815 4124 308
3816 4376 267
3817 3864 196
3817 5287 292
3817 4785 61
3818 3819 43
3820 3821 96
3820 3822 103
3820 3824 49
3822 4848 -157
3822 3823 -81
3826 3827 266
3829 3830 -158
3831 3832 241
3833 5067 -132
3834 3837 374
3834 3835 183
3834 3836 381
3837 3839 -113
3837 3838 -11
3839 3840 252
3842 3843 136
3842 3844 186
3843 3844 58
3845 3846 400
3848 3849 217
3849 3856 110
3850 3852 -77
3851 3854 61
3851 3857 62
3852 3853 137
3853 3857 -18
3854 3855 196
3854 3857 16
3858 3859 118
3860 3861 366
3863 3864 215
3864 3865 136
3866 3876 15
3867 3868 -105
3869 5429 -148
3869 3944 -257
3870 3944 -42
3871 4144 114
3871 4146 -150
3872 4144 87
3875 3883 113
3875 5005 -9
3876 3880 -61
3876 3879 192
3877 3878 71
3877 3887 -23
3877 4997 -39
3877 3882 -43
3878 5003 -65
3878 3882 -109
3879 3887 -220
3879 3885 -91
3881 3882 -265
3883 3884 -174
3883 5003 -256
3884 4997 -62
3885 4136 -3
3885 4994 -5
3886 3952 -105
3887 5007 31
3888 3890 360
3889 5002 -38
3889 3891 193
3889 3890 -53
3890 5009 -22
3891 4138 -49
3891 5000 -323
3892 4946 103
3892 3893 121
3894 5008 132
3894 4150 197
3895 5225 17
3897 3898 59
3899 3900 143
3901 3901 0
3902 4294 226
3902 3903 196
3904 3905 135
3906 3907 -115
3908 3910 -148
3909 5238 -133
3909 5237 17
3910 3965 39
3910 5238 17
3914 3916 -86
3915 3916 129
3916 3917 184
3919 3920 -207
3919 3921 -30
3919 3922 -266
3921 3994 41
3924 3925 -237
3926 3927 -235
3927 3928 51
3929 3931 -53
3930 3931 -24
3930 3933 162
3932 3933 -43
3934 3935 -30
3936 3937 -175
3937 4967 162
3937 4970 -64
3939 3940 274
3940 3941 -52
3942 3943 -150
3943 5199 404
3944 3946 19
3944 5427 207
3946 4943 304
3947 3951 -97
3948 3951 14
3949 3952 -199
3949 3950 -277
3950 3951 -32
3955 4280 -87
3959 3960 74
3962 3963 -130
3964 3970 299
3965 3966 -131
3965 3970 100
3967 5237 48
3967 3968 -227
3967 3969 58
3970 3971 -146
3973 5107 -36
3974 5107 -88
3983 3984 69
3983 3986 45
3984 3985 -328
3985 3986 353
3985 3987 84
3986 3988 19
3988 3989 -213
3989 3990 188
3989 4655 190
3991 3992 27
3992 4561 -75
3993 3994 51
3995 3996 278
3997 3998 -70
3998 3999 -7
3998 4000 25
4001 4022 43
4001 4002 -51
4004 4005 225
4005 4006 -26
4006 4007 5
4008 4009 120
4009 4010 10
4010 4011 231
4012 4013 -287
4014 4016 -172
4015 4016 -219
4015 4017 96
4017 4020 -238
4018 4019 -52
4019 4020 -128
4020 4021 226
4022 4023 306
4024 4025 9
4026 4027 -80
4027 4028 -145
4028 4029 20
4029 4030 -73
4032 4033 260
4034 4644 129
4034 4655 -38
4034 4035 57
4036 4037 -261
4037 4038 -1
4039 4650 -150
4039 4040 31
4041 4042 309
4042 4650 -107
4043 4044 -150
4045 4046 -42
4047 4048 -43
4048 4050 25
4050 4051 235
4052 4053 80
4053 4054 -72
4054 4055 196
4057 4058 -120
4058 4059 252
4062 5626 465
4062 4063 539
4063 5631 140
4064 4065 209
4065 4237 118
4066 4231 -119
4066 4067 101
4068 4220 230
4069 4070 -66
4069 4071 228
4069 4072 -7
4074 4075 106
4078 4079 320
4082 4083 76
4084 4085 -11
4086 4088 45
4087 4088 204
4089 4120 -155
4090 5645 -95
4091 4093 139
4091 5644 345
4091 4119 236
4092 5644 233
4093 5643 -4
4093 4095 182
4094 5643 25
4095 5642 92
4095 4099 -186
4096 5642 387
4097 5640 -245
4097 4099 -226
4098 5640 -270
4099 5641 80
4100 5641 -234
4101 4102 9
4104 4105 -186
4104 5630 64
4108 4112 -75
4108 4109 -5
4111 4112 -71
4112 5635 42
4113 4114 66
4115 4116 318
4116 4117 -16
4116 4118 -108
4119 5645 32
4119 4120 -220
4123 4124 331
4125 4139 -119
4125 4130 75
4126 4127 209
4126 4139 -110
4128 4129 -81
4128 4138 2
4129 4130 133
4131 4132 80
4133 4137 181
4133 4141 165
4134 4135 -77
4134 4136 -110
4135 4137 142
4136 4994 15
4138 5000 -269
4140 5287 64
4140 4143 319
4141 5292 -131
4142 4143 263
4144 4145 41
4147 4151 315
4148 4151 231
4149 4999 -41
4150 4999 70
4150 4151 261
4153 4287 -35
4156 4157 204
4157 4158 2
4159 4160 -315
4160 4162 -3
4160 4161 84
4162 4990 54
4164 4165 138
4167 4168 353
4169 4171 14
4170 4171 -332
4173 4175 197
4174 4175 280
4176 4177 9
4178 4179 -95
4182 5461 26
4182 4183 -107
4182 4184 106
4183 5462 -163
4185 4202 -97
4186 4201 -91
4187 4205 114
4188 4204 228
4189 4190 170
4190 4207 -202
4190 4199 -13
4191 4209 -132
4191 4196 93
4191 4193 -216
4192 4196 304
4192 4195 251
4192 4193 15
4193 4194 -14
4195 4197 80
4195 4201 -245
4196 4202 -225
4197 4207 -274
4197 4198 -33
4198 4199 10
4198 4200 37
4199 4206 165
4200 4201 -206
4200 4206 128
4201 4202 131
4202 4203 89
4204 4205 -34
4204 4209 -126
4205 4206 148
4207 4208 14
4210 4211 184
4210 5432 219
4210 4244 285
4211 4243 -42
4211 4278 173
4212 4243 124
4214 4218 208
4215 4218 152
4216 4217 -281
4216 4265 -88
4218 4219 23
4220 4221 -186
4223 4224 -30
4224 4240 190
4224 4225 332
4226 4249 71
4226 5626 34
4227 5626 226
4228 4229 373
4229 4230 -31
4231 4289 -156
4231 4232 134
4232 4233 -250
4232 4256 17
4234 4235 81
4237 4289 -173
4237 4238 1
4239 4240 -182
4240 4241 44
4241 4242 176
4241 4243 84
4245 5430 -247
4245 4246 -44
4247 4249 32
4247 5622 -267
4248 5622 -75
4249 5621 -251
4250 5621 278
4252 4254 -42
4252 4253 -185
4254 4255 22
4257 4276 288
4258 4261 -184
4258 4259 -212
4259 4260 -78
4259 4261 40
4263 4265 20
4263 4264 -42
4265 4266 165
4267 4268 -13
4270 4271 79
4270 4272 -92
4271 4272 -157
4275 4275 0
4276 4277 -220
4277 4288 73
4277 4278 337
4279 4520 548
4279 4513 200
4280 4281 280
4281 5118 311
4282 4283 -118
4282 4534 -135
4284 4285 -86
4284 4298 -142
4284 4534 -123
4285 4295 -56
4285 4286 -86
4287 4974 257
4289 4290 131
4291 5195 -234
4292 5169 208
4292 5148 -12
4295 4298 16
4295 4297 168
4296 4971 -37
4296 4297 -130
4297 4298 -123
4300 5034 445
4303 4389 172
4303 4305 114
4304 4305 31
4305 4306 173
4306 4389 -28
4306 4307 -199
4307 4308 399
4309 4310 -136
4311 4312 348
4315 4317 -88
4316 4317 284
4318 4323 82
4318 4319 16
4320 4322 -211
4321 4322 -202
4322 4323 248
4324 4328 396
4325 4326 103
4327 4328 125
4327 4385 -246
4328 4385 -330
4329 4347 358
4329 4336 420
4330 4337 190
4330 4331 -86
4331 4333 161
4332 4509 47
4333 4509 -137
4333 4508 32
4334 4508 103
4335 4336 -4
4336 4502 -141
4337 4510 -86
4339 4340 239
4340 4378 102
4341 4342 -171
4347 4348 146
4348 4350 53
4349 4350 186
4350 4775 21
4352 4353 -107
4353 4748 153
4355 4356 379
4356 4357 -149
4357 5084 269
4357 4358 -7
4359 4360 34
4361 4364 -186
4362 4364 -298
4363 4364 -80
4365 5232 154
4365 5231 -6
4369 4370 45
4373 4531 -121
4374 4375 435
4375 4376 -210
4380 4381 -194
4382 4384 73
4383 4384 117
4384 4385 -270
4387 4388 407
4394 4395 137
4395 4396 88
4395 4397 -248
4402 4424 -93
4403 4407 96
4404 4405 193
4408 4413 -73
4409 4424 66
4411 4415 225
4412 4414 -27
4414 4415 -96
4416 4417 -274
4418 4448 356
4420 4422 -169
4421 4422 -141
4422 4423 -47
4426 4448 287
4429 4431 189
4430 4431 192
4432 4433 -53
4440 4441 77
4442 4444 207
4443 4446 111
4443 4444 -122
4444 4445 113
4445 4450 453
4447 4451 -176
4448 4449 -122
4449 4450 354
4449 4451 -14
4450 4451 -297
4452 4471 15
4453 4454 76
4458 4459 -93
4459 4463 173
4460 4463 342
4461 4462 -59
4463 4464 -25
4464 4466 22
4466 4467 39
4467 4470 209
4467 4468 62
4469 4470 139
4471 4472 344
4475 4477 244
4476 4481 160
4478 4485 -44
4478 4480 -277
4480 4481 291
4481 4482 235
4482 4483 113
4485 4486 213
4487 4488 430
4488 4490 -55
4488 4489 -21
4491 4492 172
4495 4496 231
4496 4503 272
4497 4499 -42
4497 4501 257
4497 4498 75
4500 4501 173
4501 4504 -48
4503 4504 159
4505 4506 -210
4506 4511 128
4508 4509 -158
4512 4516 421
4515 4516 763
4517 4521 328
4519 4521 150
4519 4520 -84
4522 4523 -8
4527 4528 188
4528 4529 159
4532 4533 89
4534 4971 232
4536 4537 175
4540 4541 143
4542 4543 59
4543 4545 244
4544 4545 194
4547 4548 -74
4549 4550 226
4550 4554 13
4550 4551 84
4552 4554 101
4553 4558 257
4553 4554 80
4555 4556 -4
4556 4557 85
4557 4558 193
4560 5217 205
4560 4562 67
4561 5216 177
4561 5212 81
4562 5219 -68
4563 5208 -242
4563 5217 74
4564 5216 232
4564 5209 72
4565 5211 25
4565 5212 -156
4567 5617 -149
4572 5290 -14
4573 5011 194
4573 5290 84
4573 5012 39
4574 4935 10
4576 4600 329
4577 4578 259
4579 4580 -54
4580 4689 193
4580 5025 252
4581 5070 54
4582 5070 252
4584 5047 -83
4584 4793 36
4585 4586 96
4586 5047 -219
4586 4671 -132
4589 4590 64
4590 4680 71
4591 4664 46
4591 4592 -76
4594 4595 -39
4596 4597 -58
4597 4608 115
4598 4599 175
4599 4602 82
4599 4600 216
4601 4602 148
4602 4606 -211
4603 4604 -78
4604 4606 24
4604 5090 871
4605 4606 -327
4607 4608 197
4608 4616 63
4609 4613 -105
4609 4610 -46
4611 4613 16
4612 4613 172
4614 4615 -35
4615 4621 379
4616 4617 84
4616 4619 -176
4618 4619 -24
4619 4623 388
4620 4621 122
4621 4625 -49
4622 4623 225
4623 4625 -85
4624 4625 -32
4626 4627 65
4629 4630 126
4631 4632 19
4634 4639 358
4634 4637 92
4634 5044 13
4635 5044 -183
4636 5085 -111
4637 5085 5
4638 5043 -34
4639 5043 -297
4641 4642 242
4643 4644 78
4645 4646 159
4646 5034 203
4647 4648 -161
4649 4650 65
4651 4696 196
4651 4693 326
4651 4685 67
4652 4686 -189
4654 4655 -25
4656 4657 121
4659 4660 210
4661 5042 -24
4662 5042 220
4662 4672 75
4662 5293 187
4663 4664 149
4664 4669 -136
4665 4669 -120
4667 4668 138
4669 5040 77
4670 4671 -310
4671 4672 142
4671 5025 451
4673 4674 26
4674 4676 -61
4675 4676 211
4676 4678 125
4677 4678 -61
4678 4679 -248
4679 4679 0
4680 4682 -178
4680 4681 32
4683 5051 -61
4684 5051 -80
4687 4691 137
4688 4689 -98
4689 4691 145
4690 4691 119
4692 4693 82
4693 4694 20
4694 4695 -32
4696 5074 496
4696 4697 -128
4699 4700 62
4700 4826 359
4701 4702 101
4703 4826 5
4703 4827 -130
4703 4831 -69
4704 4705 157
4705 4707 108
4706 4707 44
4707 4708 -22
4709 4710 249
4711 4927 355
4714 4715 370
4716 4717 251
4718 4719 -45
4721 4722 -116
4722 5132 261
4723 4724 281
4723 5083 385
4723 4725 161
4726 5080 248
4727 4729 31
4727 5080 -126
4727 5095 -115
4728 4731 -72
4728 4732 -68
4728 5081 -55
4729 4730 15
4729 5081 -52
4730 4736 44
4730 4731 -34
4731 5081 22
4731 5082 24
4733 4735 154
4734 4735 341
4735 5082 25
4736 5082 -54
4737 4799 91
4737 5076 126
4738 5076 -39
4739 5078 -66
4740 5078 197
4741 5077 178
4742 4743 142
4743 4744 -205
4744 4747 110
4744 4745 50
4746 4747 -57
4748 4749 45
4750 4751 117
4751 4752 -10
4751 4753 50
4754 4991 66
4755 4991 -159
4756 4757 245
4757 4759 -16
4758 4759 72
4760 4761 339
4765 4766 184
4767 4769 204
4768 4769 94
4769 4770 62
4770 5013 -46
4770 4783 88
4771 4772 -30
4773 4774 113
4774 4775 147
4777 4778 74
4779 4780 -220
4780 4781 175
4782 4783 202
4784 4785 -216
4785 5288 138
4786 4787 0
4787 4791 -121
4788 4789 -112
4790 4791 -205
4792 5047 -207
4793 5055 208
4794 5055 147
4795 5108 -9
4796 5109 79
4797 5109 3
4798 4800 -244
4799 4803 153
4799 5098 104
4800 5098 240
4800 4801 262
4802 5097 -98
4803 5097 -199
4807 4808 329
4807 4809 196
4810 4811 -48
4813 4815 268
4814 4815 319
4815 4816 -204
4816 4817 126
4817 4818 137
4818 4819 18
4818 4820 -89
4822 4823 67
4828 4829 -206
4829 4831 147
4830 4831 -145
4832 4841 -308
4832 4833 -109
4834 4835 -19
4835 4841 41
4836 4837 -199
4837 4839 174
4837 4841 116
4838 4839 81
4839 4840 -148
4842 4844 -114
4843 4844 102
4844 4845 46
4846 4847 240
4849 4850 3
4849 5102 15
4852 5187 169
4853 5187 13
4854 5187 -16
4854 5188 30
4854 4855 40
4856 5190 99
4857 5191 -60
4858 5191 -277
4858 5190 -291
4859 4860 -88
4860 4865 62
4860 4861 226
4861 4862 -126
4863 4865 -161
4864 4865 -28
4866 4867 -24
4867 4869 53
4868 4869 195
4870 4871 110
4871 4873 -34
4872 4873 -40
4874 4875 164
4876 4877 174
4879 4880 -130
4881 4882 -275
4881 5134 -88
4881 5113 82
4882 4884 213
4883 5059 -17
4884 5059 -185
4885 4886 17
4888 5112 -80
4889 4891 -266
4889 5112 -122
4890 5114 35
4891 5114 33
4892 4893 122
4898 4932 -143
4898 4899 -22
4900 4901 -27
4900 4932 186
4902 4903 -75
4904 4916 -122
4906 4914 -19
4907 5449 50
4908 5449 359
4909 4910 334
4911 4913 -97
4911 4912 -268
4913 5448 61
4915 5450 234
4915 5451 342
4916 4917 98
4917 5451 69
4917 4920 -176
4918 5451 29
4919 5452 -192
4920 5452 1
4921 5453 -31
4925 4929 -117
4925 4926 -33
4927 4929 -182
4927 4928 -83
4929 4930 237
4931 4932 21
4934 4935 -86
4935 5011 -45
4936 4937 146
4938 4939 124
4939 4940 15
4941 4942 282
4943 4947 -125
4944 5220 69
4945 5200 291
4945 4948 334
4951 4952 -222
4952 4953 338
4953 4954 -258
4953 4956 -170
4955 4956 -136
4957 4958 -119
4958 5152 3
4959 5154 98
4960 5154 65
4960 5157 75
4963 4964 50
4965 4966 63
4965 4969 65
4966 4967 279
4966 4968 260
4966 4970 51
4973 4993 -233
4975 4976 249
4977 4984 -43
4978 4982 -126
4979 4981 2
4980 4982 6
4980 4984 -32
4980 4986 -17
4981 4984 -234
4981 4986 -185
4982 4983 -8
4985 4986 -55
4987 4988 -114
4988 4989 -51
4990 5004 5
4992 4999 77
4992 4993 -76
4993 5004 -58
4994 5007 -71
4995 5001 243
4995 4996 284
4997 5007 47
4997 5003 46
4998 5005 169
4999 5008 70
5000 5002 218
5002 5009 -38
5003 5005 231
5006 5008 -8
5006 5223 -237
5009 5221 413
5010 5011 -151
5013 5014 -192
5015 5610 -152
5015 5611 -240
5016 5221 67
5016 5222 123
5017 5135 228
5017 5122 -42
5018 5248 -24
5018 5247 364
5019 5141 41
5019 5142 175
5020 5093 -62
5020 5125 128
5021 5064 32
5021 5065 37
5022 5105 82
5022 5104 262
5023 5091 -330
5023 5073 -202
5024 5037 254
5024 5038 295
5025 5036 -264
5026 5027 -124
5028 5029 185
5029 5030 60
5031 5039 93
5031 5034 83
5032 5038 602
5032 5033 394
5035 5036 -148
5036 5037 407
5037 5039 92
5038 5042 316
5040 5056 401
5040 5042 369
5043 5044 55
5043 5100 602
5044 5067 163
5045 5089 168
5045 5091 51
5046 5071 89
5046 5072 38
5047 5074 794
5048 5049 331
5048 5090 545
5049 5050 69
5050 5051 -85
5051 5052 -83
5052 5053 222
5053 5054 24
5054 5055 123
5055 5056 32
5057 5115 167
5057 5111 16
5057 5116 30
5058 5059 -255
5058 5092 -111
5059 5060 362
5060 5061 -25
5061 5062 -91
5062 5115 43
5062 5063 103
5063 5065 126
5064 5110 -180
5064 5111 -218
5065 5066 163
5066 5102 -147
5067 5068 254
5068 5069 597
5069 5070 -52
5070 5071 79
5072 5073 21
5073 5074 73
5075 5076 -58
5075 5112 87
5076 5077 -29
5077 5078 61
5078 5079 158
5079 5094 -178
5080 5081 105
5080 5094 81
5082 5083 79
5083 5084 225
5084 5085 -161
5085 5086 532
5086 5087 87
5087 5088 152
5088 5089 50
5090 5091 -118
5092 5133 223
5093 5118 -153
5093 5119 -57
5094 5095 -62
5095 5096 35
5096 5099 -27
5096 5100 376
5097 5098 216
5097 5116 164
5098 5099 -92
5101 5129 163
5101 5131 -78
5102 5105 359
5103 5105 251
5107 5108 179
5108 5109 -151
5109 5110 4
5110 5111 19
5112 5114 -112
5113 5114 -248
5117 5147 -28
5117 5118 -332
5119 5120 34
5120 5121 107
5121 5130 309
5122 5151 317
5122 5123 240
5123 5124 -171
5125 5126 -226
5126 5127 49
5127 5128 26
5128 5132 323
5129 5132 61
5129 5133 137
5130 5131 -299
5131 5134 310
5135 5144 -75
5135 5145 -325
5136 5178 -56
5136 5161 -196
5137 5178 14
5137 5138 354
5138 5139 -243
5139 5140 87
5139 5166 54
5140 5141 159
5142 5143 -137
5143 5144 196
5145 5146 149
5146 5147 142
5148 5170 200
5148 5149 232
5150 5151 231
5150 5162 -108
5152 5176 424
5152 5153 299
5153 5157 -126
5153 5154 -4
5154 5155 -94
5155 5156 125
5156 5158 -157
5157 5182 26
5157 5418 -115
5158 5159 232
5159 5160 -98
5160 5161 -29
5162 5163 -75
5164 5165 176
5165 5191 24
5167 5168 39
5168 5169 25
5169 5195 -274
5170 5194 44
5171 5173 84
5171 5180 168
5172 5173 221
5172 5174 330
5172 5193 120
5173 5174 109
5174 5175 -137
5175 5176 179
5177 5185 -23
5177 5178 19
5179 5180 421
5180 5181 36
5182 5419 -216
5182 5183 166
5183 5184 18
5184 5185 63
5185 5186 131
5186 5187 66
5188 5189 -28
5189 5190 -123
5190 5191 16
5192 5193 -28
5194 5196 -31
5195 5202 435
5196 5197 -31
5197 5647 249
5197 5198 56
5199 5202 162
5200 5211 264
5203 5204 7
5205 5206 197
5207 5208 -196
5208 5209 17
5209 5210 375
5210 5211 -73
5212 5213 194
5213 5214 196
5216 5219 -62
5217 5220 -41
5218 5219 36
5222 5225 28
5223 5224 -2
5224 5225 97
5227 5229 32
5228 5229 99
5229 5230 -223
5231 5234 -18
5233 5234 83
5233 5236 149
5235 5236 -132
5239 5240 3
5240 5240 0
5241 5242 -206
5244 5261 270
5244 5245 88
5246 5247 335
5246 5269 62
5247 5260 -219
5248 5249 205
5250 5256 -5
5250 5257 -51
5251 5252 -9
5254 5259 303
5255 5290 -355
5256 5291 269
5257 5291 439
5258 5259 0
5261 5274 38
5262 5268 -42
5262 5269 -36
5263 5376 139
5263 5378 -15
5264 5265 -93
5264 5377 -296
5265 5266 177
5266 5267 -148
5267 5268 107
5270 5274 340
5271 5379 -77
5272 5279 150
5275 5278 -65
5276 5523 239
5276 5524 212
5276 5279 114
5277 5278 285
5280 5476 121
5281 5282 20
5282 5283 64
5283 5284 -184
5284 5286 115
5285 5286 -93
5287 5288 -12
5288 5289 324
5289 5290 -317
5291 5292 -150
5293 5294 128
5297 5298 -40
5298 5301 -190
5298 5299 -224
5300 5301 -135
5301 5303 -4
5302 5303 5
5303 5599 278
5304 5600 221
5305 5600 -25
5306 5601 164
5307 5601 -61
5307 5352 67
5308 5361 316
5308 5602 -75
5309 5602 -364
5310 5312 -211
5311 5312 -119
5311 5316 -203
5312 5313 115
5313 5315 -4
5313 5314 -48
5316 5318 49
5317 5318 -31
5318 5319 131
5320 5588 197
5321 5323 -162
5321 5588 20
5322 5589 -113
5323 5329 43
5323 5589 7
5324 5325 -314
5325 5591 267
5325 5326 366
5326 5327 53
5326 5592 68
5328 5592 265
5329 5583 112
5329 5590 198
5330 5590 275
5331 5332 98
5334 5615 64
5335 5336 -33
5335 5615 183
5335 5339 8
5336 5614 134
5337 5614 -48
5337 5660 44
5337 5662 -175
5338 5595 255
5339 5347 213
5339 5595 259
5340 5596 141
5341 5596 -78
5341 5347 133
5342 5573 232
5343 5345 -30
5343 5573 273
5344 5598 -51
5345 5598 -34
5346 5616 1
5347 5616 -187
5348 5349 59
5349 5574 -103
5350 5361 64
5350 5362 10
5350 5603 -78
5351 5603 -47
5352 5577 79
5353 5577 384
5354 5355 -207
5355 5358 195
5355 5578 33
5356 5358 262
5356 5357 133
5358 5359 -110
5360 5579 -149
5361 5579 -318
5362 5367 -16
5362 5580 -4
5363 5580 95
5364 5581 -2
5365 5367 -51
5365 5581 -51
5365 5368 -7
5366 5604 247
5367 5604 60
5368 5607 15
5369 5607 64
5371 5372 -51
5372 5373 478
5373 5374 42
5374 5375 226
5375 5376 -155
5378 5379 -191
5380 5381 283
5380 5384 204
5382 5383 286
5382 5386 170
5383 5385 -94
5384 5385 56
5384 5386 48
5385 5386 12
5386 5387 240
5387 5389 -244
5387 5388 -100
5391 5656 17
5391 5658 70
5393 5394 145
5394 5396 -148
5395 5396 103
5397 5398 -47
5399 5400 201
5400 5401 -54
5401 5402 -249
5402 5403 389
5404 5405 166
5406 5407 -42
5406 5408 -211
5407 5408 -149
5407 5409 107
5408 5410 187
5409 5410 -69
5411 5414 -81
5412 5413 168
5415 5416 -35
5418 5419 -75
5419 5420 171
5421 5424 -214
5422 5425 208
5423 5426 201
5424 5425 182
5427 5428 11
5427 5429 -86
5430 5431 38
5430 5432 376
5431 5433 49
5432 5433 -280
5436 5443 96
5436 5437 -40
5436 5444 -43
5436 5438 -165
5439 5463 -116
5439 5466 29
5439 5444 -121
5441 5552 -215
5441 5467 -168
5442 5544 -47
5443 5444 -134
5443 5456 97
5445 5566 179
5445 5446 38
5446 5447 -114
5447 5448 275
5448 5449 73
5449 5450 -115
5451 5452 -244
5452 5453 -12
5453 5473 353
5454 5457 -31
5455 5500 -28
5455 5497 29
5455 5456 344
5456 5458 -310
5456 5457 -155
5457 5458 -141
5458 5459 39
5459 5492 138
5459 5497 -2
5460 5461 337
5461 5462 -296
5463 5464 128
5463 5500 -127
5464 5499 -68
5464 5465 -248
5465 5466 281
5467 5480 209
5467 5468 206
5467 5470 115
5468 5470 -85
5468 5471 64
5469 5470 -58
5469 5480 83
5470 5547 289
5472 5473 289
5473 5476 -48
5473 5474 -196
5474 5477 -120
5475 5476 -14
5476 5477 -269
5478 5479 149
5479 5480 21
5481 5482 383
5482 5485 -134
5482 5483 -74
5483 5548 86
5484 5485 104
5485 5488 -78
5485 5486 173
5486 5551 -147
5486 5489 -221
5487 5488 131
5488 5489 30
5489 5542 204
5490 5491 -296
5491 5496 258
5491 5492 184
5493 5494 233
5494 5495 130
5494 5496 45
5496 5497 -205
5496 5499 -58
5498 5499 -7
5499 5500 -176
5501 5502 69
5502 5503 35
5502 5505 -113
5503 5506 -217
5504 5505 -200
5505 5514 10
5505 5506 -62
5506 5513 -70
5507 5508 -28
5508 5510 17
5509 5510 -294
5510 5512 345
5511 5512 71
5513 5516 377
5513 5514 157
5514 5515 24
5516 5518 -260
5518 5519 238
5519 5520 21
5525 5526 113
5526 5527 -25
5527 5531 226
5528 5529 207
5529 5532 -190
5529 5533 -162
5530 5531 97
5531 5533 -198
5533 5535 -79
5534 5535 -104
5536 5537 47
5537 5539 -3
5538 5539 -73
5540 5541 -112
5541 5544 40
5541 5542 279
5541 5550 81
5542 5545 -88
5543 5544 -266
5544 5545 151
5546 5547 123
5547 5550 -210
5547 5548 43
5548 5551 -130
5549 5550 102
5550 5551 123
5553 5554 223
5554 5555 -103
5555 5556 227
5556 5557 -216
5557 5558 17
5558 5559 312
5559 5560 46
5560 5561 -220
5561 5562 161
5562 5563 -135
5563 5564 224
5565 5566 183
5568 5569 -228
5568 5571 -14
5569 5570 288
5570 5572 -338
5573 5616 -145
5573 5574 -204
5574 5575 93
5575 5576 204
5576 5577 38
5577 5578 -215
5578 5579 -33
5579 5580 262
5580 5581 6
5581 5605 -76
5582 5586 112
5582 5583 41
5582 5585 -64
5583 5584 -25
5584 5590 132
5584 5591 126
5587 5588 -47
5588 5589 -174
5589 5590 234
5591 5592 167
5592 5593 -40
5593 5594 120
5594 5595 80
5595 5596 -207
5596 5597 31
5597 5598 -100
5598 5599 280
5599 5600 139
5600 5601 -158
5601 5602 -116
5602 5603 251
5603 5604 132
5604 5607 18
5606 5607 8
5606 5610 -147
5608 5610 -180
5608 5609 -181
5614 5615 94
5615 5616 -148
5617 5618 365
5617 5619 104
5620 5621 132
5621 5622 -39
5622 5623 171
5623 5624 60
5624 5625 -94
5626 5627 80
5627 5628 -28
5628 5629 53
5630 5631 -10
5632 5633 210
5633 5634 305
5635 5636 364
5636 5637 -187
5637 5638 146
5638 5639 193
5639 5640 -152
5640 5641 100
5641 5642 305
5642 5643 -200
5643 5644 280
5644 5645 -77
5645 5646 -198
5649 5650 138
5650 5652 -52
5650 5655 -90
5651 5652 40
5652 5653 260
5653 5654 -273
5657 5666 335
5657 5658 -82
5659 5661 179
5660 5661 -139
5663 5664 -23
5664 5665 311
