100 10
0.025
100 25
0.039
100 50
0.035
100 75
0.042
100 100
0.053
500 10
0.089
500 25
0.139
500 50
0.172
500 75
0.205
500 100
0.243
1000 10
0.182
1000 25
0.3
1000 50
0.38
1000 75
0.474
1000 100
0.461
2000 10
0.399
2000 25
0.601
2000 50
0.799
2000 75
0.889
2000 100
0.977
4000 10
0.857
4000 25
1.277
4000 50
1.571
4000 75
1.859
4000 100
2.05
6000 10
1.41
6000 25
1.954
6000 50
2.428
6000 75
2.957
6000 100
3.239
8000 10
1.889
8000 25
2.66
8000 50
3.371
8000 75
4.037
8000 100
4.604
10000 10
2.144
10000 25
3.225
10000 50
4.475
10000 75
5.351
10000 100
5.729
