20 1
0.006
20 5
0.009
20 10
0.01
20 25
0.009
20 50
0.011
20 75
0.011
20 100
0.009
50 1
0.006
50 5
0.011
50 10
0.012
50 25
0.018
50 50
0.024
50 75
0.02
50 100
0.024
100 1
0.006
100 5
0.016
100 10
0.02
100 25
0.029
100 50
0.045
100 75
0.037
100 100
0.045
250 1
0.005
250 5
0.034
250 10
0.045
250 25
0.074
250 50
0.081
250 75
0.098
250 100
0.108
500 1
0.007
500 5
0.065
500 10
0.101
500 25
0.133
500 50
0.177
500 75
0.21
500 100
0.241
1000 1
0.006
1000 5
0.133
1000 10
0.202
1000 25
0.292
1000 50
0.374
1000 75
0.445
1000 100
0.469
2500 1
0.017
2500 5
0.357
2500 10
0.52
2500 25
0.777
2500 50
0.983
2500 75
1.106
2500 100
1.297
5000 1
0.016
5000 5
0.813
5000 10
1.088
5000 25
1.697
5000 50
2.297
5000 75
2.464
5000 100
2.744
10000 1
0.045
10000 5
1.6
10000 10
2.274
10000 25
3.49
10000 50
4.567
10000 75
5.44
10000 100
5.898
