100 10
0.805
100 25
0.993
100 50
1.003
100 75
0.977
100 100
1.038
500 10
97.27
500 25
110.021
500 50
114.952
500 75
114.74
500 100
121.943
1000 10
767.595
1000 25
854.295
1000 50
903.078
1000 75
913.795
1000 100
922.532
2000 10
6179.71
2000 25
6988.12
2000 50
7455.1
2000 75
7286.6
2000 100
7337.24
4000 10
49499.8
4000 25
56484.9
4000 50
58929.9
4000 75
59365.8
4000 100
59611.9
6000 10
166196
6000 25
189155
6000 50
198143
6000 75
214391
6000 100
225211
8000 10
433342
8000 25
449416
8000 50
460223
8000 75
476973
8000 100
489900
10000 10
774829
10000 25
828743
10000 50
904612
10000 75
1028602
10000 100
1105468
