20 1
0.004
20 5
0.012
20 10
0.013
20 25
0.012
20 50
0.012
20 75
0.012
20 100
0.012
50 1
0.011
50 5
0.089
50 10
0.134
50 25
0.134
50 50
0.139
50 75
0.136
50 100
0.146
100 1
0.056
100 5
0.619
100 10
0.843
100 25
0.956
100 50
1.004
100 75
0.992
100 100
0.996
250 1
0.298
250 5
8.592
250 10
12.215
250 25
13.867
250 50
15.03
250 75
14.804
250 100
14.98
500 1
0.847
500 5
71.262
500 10
97.97
500 25
108.288
500 50
113.738
500 75
115.668
500 100
117.495
1000 1
4.927
1000 5
575.469
1000 10
746.603
1000 25
869.672
1000 50
900.578
1000 75
915.693
1000 100
925.736
2500 1
20.712
2500 5
9466.75
2500 10
12600.1
2500 25
13821.9
2500 50
14285.6
2500 75
14551.2
2500 100
14615.4
5000 1
172.048
5000 5
75167.9
5000 10
98291.1
5000 25
111986
5000 50
116548
5000 75
117314
5000 100
118515
10000 1
894.683
10000 5
611935
10000 10
787192
10000 25
904071
10000 50
927981
10000 75
933189
10000 100
937606
