100 10
28.088
100 25
36.142
500 10
142.491
500 25
218.84
1000 10
321.923
1000 25
523.841
2000 10
770.05
2000 25
1186.02
4000 10
1812.18
4000 25
2806.45
6000 10
2979.08
6000 25
4924.34
8000 10
4152.89
8000 25
6820.9
10000 10
5991.06
10000 25
9553.51
15000 10
9896.97
15000 25
14893
20000 10
14269
20000 25
22124.9
25000 10
18978.6
25000 25
29426.2
30000 10
23151.5
30000 25
37531.7
35000 10
30224.2
35000 25
48231.3
40000 10
35309.1
40000 25
56611.5
45000 10
40680.7
45000 25
64197.3
50000 10
46262.2
50000 25
73005.5
55000 10
53678.6
55000 25
82460
60000 10
59182.4
60000 25
90628.5
65000 10
63418.6
65000 25
99699.9
70000 10
71398.7
70000 25
110558
