100 10
10.52
100 25
14.224
100 50
19.883
100 75
28.322
100 100
34.684
500 10
46.706
500 25
70.279
500 50
113.466
500 75
164.785
500 100
206.767
1000 10
106.141
1000 25
158.121
1000 50
248.044
1000 75
358.992
1000 100
454.694
2000 10
253.647
2000 25
358.596
2000 50
546.24
2000 75
799.388
2000 100
996.37
4000 10
570.296
4000 25
806.544
4000 50
1184.33
4000 75
1742.27
4000 100
2145.02
6000 10
945.104
6000 25
1328.05
6000 50
1939.86
6000 75
2810.14
6000 100
3476.91
8000 10
1347.03
8000 25
1815.91
8000 50
2694.55
8000 75
3798.39
8000 100
4748.6
10000 10
1779.32
10000 25
2438.58
10000 50
3629.06
10000 75
5065.37
10000 100
6254.95
15000 10
2913.05
15000 25
3939.22
15000 50
5562.3
15000 75
7777.06
15000 100
9771.68
20000 10
4207.37
20000 25
5508.65
20000 50
8536.79
20000 75
12317.2
20000 100
14106.6
25000 10
5496.22
25000 25
7286.34
25000 50
10889.7
25000 75
15058.1
25000 100
18222.5
30000 10
6866.38
30000 25
8883.35
30000 50
12843.8
30000 75
17975.7
30000 100
22995.8
35000 10
8304.73
35000 25
11206.7
35000 50
16179.7
35000 75
22625.5
35000 100
27603.4
40000 10
9568.25
40000 25
12899.8
40000 50
18687
40000 75
26076.9
40000 100
31777.4
