100 10
28.088
100 25
36.142
100 50
53.562
100 75
77.082
100 100
95.174
500 10
142.491
500 25
218.84
500 50
362.757
500 75
509.48
500 100
644.728
1000 10
321.923
1000 25
523.841
1000 50
816.264
1000 75
1190.48
1000 100
1472.04
2000 10
770.05
2000 25
1186.02
2000 50
1913.5
2000 75
2799.26
2000 100
3557.14
4000 10
1812.18
4000 25
2806.45
4000 50
4552.41
4000 75
6582.56
4000 100
8420.2
6000 10
2979.08
6000 25
4924.34
6000 50
8221.78
6000 75
11478.4
6000 100
14764
8000 10
4152.89
8000 25
6820.9
8000 50
11015.4
8000 75
15473.4
8000 100
19616.2
10000 10
5991.06
10000 25
9553.51
10000 50
15415.3
10000 75
21861.8
10000 100
28153.6
15000 10
9896.97
15000 25
14893
15000 50
24170.3
15000 75
34074.1
15000 100
42655.8
20000 10
14269
20000 25
22124.9
20000 50
36901.9
20000 75
52414.4
20000 100
65628.8
25000 10
18978.6
25000 25
29426.2
25000 50
47177.5
25000 75
65908.3
25000 100
83688.1
30000 10
23151.5
30000 25
37531.7
30000 50
58735.8
30000 75
81177.2
30000 100
101939
35000 10
30224.2
35000 25
48231.3
35000 50
76752.8
35000 75
107297
35000 100
134077
40000 10
35309.1
40000 25
56611.5
40000 50
88801.8
40000 75
123733
40000 100
153916
