100 10
28.088
100 25
36.142
100 50
53.562
100 75
77.082
100 100
95.174
500 10
142.491
500 25
218.84
500 50
362.757
500 75
509.48
500 100
644.728
1000 10
321.923
1000 25
523.841
1000 50
816.264
1000 75
1190.48
1000 100
1472.04
2000 10
770.05
2000 25
1186.02
2000 50
1913.5
2000 75
2799.26
2000 100
3557.14
4000 10
1812.18
4000 25
2806.45
4000 50
4552.41
4000 75
6582.56
4000 100
8420.2
6000 10
2979.08
6000 25
4924.34
6000 50
8221.78
6000 75
11478.4
6000 100
14764
8000 10
4152.89
8000 25
6820.9
8000 50
11015.4
8000 75
15473.4
8000 100
19616.2
10000 10
5991.06
10000 25
9553.51
10000 50
15415.3
10000 75
21861.8
10000 100
28153.6